08/03/2021-15:48:20,0,0,0,0,0,0,0,0,0
08/03/2021-15:49:20,0,0,0,0,0,0,0,0,0
08/03/2021-15:50:20,0,0,0,0,0,0,0,0,0
08/03/2021-15:51:20,0,0,0,0,0,0,0,0,0
08/03/2021-15:52:20,0,0,0,0,0,0,0,0,0
08/03/2021-15:53:20,0,0,0,0,0,0,0,0,0
08/03/2021-15:54:20,0,0,0,0,0,0,0,0,0
08/03/2021-15:55:20,0,0,0,0,0,0,0,0,0
08/03/2021-15:56:20,0,0,0,0,0,0,0,0,0
08/03/2021-15:57:05,0,0,0,0,0,0,0,0,0
08/03/2021-15:58:05,49,49,0,0,0,0,45,45,4
08/03/2021-15:59:05,100,100,0,487,487,0,479,479,106
08/03/2021-16:00:05,100,100,0,487,487,0,479,479,106
08/03/2021-16:01:05,100,100,45,1185,1185,0,1043,1043,279
08/03/2021-16:02:05,103,103,91,1499,1499,0,1331,1331,352
08/03/2021-16:03:05,103,103,91,1499,1499,0,1332,1332,352
08/03/2021-16:04:05,103,103,138,1681,1681,281,1503,1503,761
08/03/2021-16:05:06,105,105,184,1799,1799,350,1604,1604,907
08/03/2021-16:06:06,105,105,184,1799,1799,350,1604,1604,907
08/03/2021-16:07:06,105,105,231,2024,2024,658,1805,1805,1408
08/03/2021-16:08:06,107,107,279,2049,2049,714,1822,1822,1554
08/03/2021-16:09:06,107,107,279,2074,2074,1000,1842,1842,1990
08/03/2021-16:10:06,107,107,328,2236,2236,1010,1968,1968,2084
08/03/2021-16:11:06,110,110,370,2639,2639,1021,2291,2291,2225
08/03/2021-16:12:06,110,110,370,2708,2708,1112,2344,2344,2356
08/03/2021-16:13:06,110,110,417,3041,3041,1112,2634,2634,2438
08/03/2021-16:14:06,115,115,459,3208,3208,1112,2784,2784,2503
08/03/2021-16:15:06,115,115,459,3260,3260,1238,2819,2819,2666
08/03/2021-16:16:06,115,115,506,3454,3454,1279,2973,2973,2805
08/03/2021-16:17:06,116,116,551,3753,3753,1282,3219,3219,2903
08/03/2021-16:18:06,116,116,551,3771,3771,1346,3230,3230,3027
08/03/2021-16:19:06,116,116,598,3945,3945,1346,3342,3342,3132
08/03/2021-16:20:06,125,125,635,4176,4176,1450,3513,3513,3373
08/03/2021-16:21:06,125,125,635,4317,4317,1475,3616,3616,3470
08/03/2021-16:22:06,125,125,684,4317,4317,1475,3616,3616,3520
08/03/2021-16:23:07,129,129,726,4771,4771,1520,3924,3924,3776
08/03/2021-16:24:07,129,129,727,4772,4772,1549,3925,3925,3851
08/03/2021-16:25:07,129,129,773,4772,4772,1864,3925,3925,4264
08/03/2021-16:26:07,131,131,816,4896,4896,1997,4018,4018,4535
08/03/2021-16:27:07,131,131,817,4896,4896,1997,4018,4018,4536
08/03/2021-16:28:07,131,131,862,4926,4926,2379,4041,4041,5092
08/03/2021-16:29:07,133,133,909,4965,4965,2480,4068,4068,5317
08/03/2021-16:30:07,133,133,913,5112,5112,2494,4163,4163,5397
08/03/2021-16:31:07,133,133,955,5293,5293,2532,4287,4287,5559
08/03/2021-16:32:07,133,133,1004,5385,5385,2615,4346,4346,5749
08/03/2021-16:33:07,133,133,1009,5385,5385,2641,4346,4346,5819
08/03/2021-16:34:07,133,133,1053,5407,5407,2950,4359,4359,6334
08/03/2021-16:35:07,133,133,1101,5480,5480,2993,4407,4407,6492
08/03/2021-16:36:07,134,134,1105,5480,5480,2993,4408,4408,6496
08/03/2021-16:37:07,134,134,1147,5626,5626,3293,4513,4513,7058
08/03/2021-16:38:07,135,135,1194,5634,5634,3384,4521,4521,7259
08/03/2021-16:39:07,135,135,1199,5735,5735,3422,4603,4603,7352
08/03/2021-16:40:07,135,135,1241,5761,5761,3535,4624,4624,7596
08/03/2021-16:41:07,135,135,1291,5848,5848,3644,4684,4684,7835
08/03/2021-16:42:08,137,137,1294,5862,5862,3707,4693,4693,7955
08/03/2021-16:43:08,137,137,1337,5862,5862,3783,4693,4693,8139
08/03/2021-16:44:08,138,138,1384,5862,5862,3783,4694,4694,8190
08/03/2021-16:45:08,139,139,1388,5873,5873,4111,4701,4701,8743
08/03/2021-16:46:08,139,139,1432,5988,5988,4235,4777,4777,8980
08/03/2021-16:47:08,139,139,1461,6056,6056,4272,4821,4821,9118
08/03/2021-16:48:08,140,140,1479,6058,6058,4309,4822,4822,9212
08/03/2021-16:49:08,140,140,1508,6058,6058,4638,4822,4822,9704
08/03/2021-16:50:08,140,140,1555,6156,6156,4685,4891,4891,9864
08/03/2021-16:51:08,141,141,1573,6300,6300,4762,4999,4999,10055
08/03/2021-16:52:08,141,141,1602,6300,6300,4827,4999,4999,10229
08/03/2021-16:53:08,141,141,1648,6301,6301,4901,5000,5000,10430
08/03/2021-16:54:08,142,142,1663,6301,6301,4935,5000,5000,10525
08/03/2021-16:55:08,142,142,1692,6301,6301,5018,5000,5000,10688
08/03/2021-16:56:08,142,142,1725,6327,6327,5095,5017,5017,10891
08/03/2021-16:57:08,143,143,1756,6327,6327,5138,5017,5017,11002
08/03/2021-16:58:08,143,143,1770,6327,6327,5506,5017,5017,11530
08/03/2021-16:59:08,143,143,1820,6336,6336,5641,5023,5023,11792
08/03/2021-17:00:09,145,145,1851,6408,6408,5741,5071,5071,11988
08/03/2021-17:01:09,145,145,1864,6684,6684,5767,5273,5273,12105
08/03/2021-17:02:09,145,145,1912,6696,6696,5882,5281,5281,12318
08/03/2021-17:03:09,146,146,1942,6702,6702,5958,5286,5286,12506
08/03/2021-17:04:09,146,146,1955,6857,6857,5993,5404,5404,12623
08/03/2021-17:05:09,146,146,2005,6859,6859,6085,5405,5405,12869
08/03/2021-17:06:09,147,147,2036,6878,6878,6157,5418,5418,13024
08/03/2021-17:07:09,147,147,2047,6886,6886,6263,5425,5425,13206
08/03/2021-17:08:09,147,147,2095,6893,6893,6326,5430,5430,13372
08/03/2021-17:09:09,152,152,2123,6906,6906,6634,5445,5445,13888
08/03/2021-17:10:09,152,152,2135,6907,6907,6713,5445,5445,14045
08/03/2021-17:11:09,152,152,2183,6917,6917,6813,5449,5449,14271
08/03/2021-17:12:09,152,152,2220,6923,6923,6881,5453,5453,14456
08/03/2021-17:13:09,152,152,2231,6923,6923,6909,5453,5453,14539
08/03/2021-17:14:09,152,152,2282,6923,6923,7229,5453,5453,15036
08/03/2021-17:15:09,154,154,2314,6927,6927,7388,5457,5457,15348
08/03/2021-17:16:09,154,154,2315,6928,6928,7440,5457,5457,15466
08/03/2021-17:17:10,154,154,2363,6928,6928,7543,5457,5457,15699
08/03/2021-17:18:10,156,156,2404,6929,6929,7601,5460,5460,15908
08/03/2021-17:19:10,157,157,2404,6970,6970,7700,5491,5491,16090
08/03/2021-17:20:10,157,157,2451,7081,7081,7735,5551,5551,16269
08/03/2021-17:21:10,158,158,2497,7092,7092,7847,5557,5557,16509
08/03/2021-17:22:10,158,158,2498,7101,7101,7943,5564,5564,16690
08/03/2021-17:23:10,158,158,2545,7101,7101,7994,5564,5564,16805
08/03/2021-17:24:10,160,160,2587,7117,7117,8356,5576,5576,17448
08/03/2021-17:25:10,161,161,2588,7117,7117,8356,5577,5577,17449
08/03/2021-17:26:10,161,161,2634,7132,7132,8747,5588,5588,18105
08/03/2021-17:27:10,164,164,2679,7176,7176,8841,5617,5617,18331
08/03/2021-17:28:10,164,164,2682,7233,7233,8920,5649,5649,18488
08/03/2021-17:29:10,164,164,2713,7295,7295,8980,5690,5690,18677
08/03/2021-17:30:10,165,165,2759,7297,7297,9063,5692,5692,18895
08/03/2021-17:31:10,167,167,2773,7312,7312,9137,5700,5700,19088
08/03/2021-17:32:10,167,167,2805,7318,7318,9223,5702,5702,19315
08/03/2021-17:33:10,167,167,2850,7318,7318,9254,5702,5702,19444
08/03/2021-17:34:10,167,167,2865,7318,7318,9523,5702,5702,19918
08/03/2021-17:35:11,167,167,2896,7331,7331,9607,5707,5707,20100
08/03/2021-17:36:11,167,167,2944,7338,7338,9682,5712,5712,20310
08/03/2021-17:37:11,169,169,2955,7348,7348,9851,5718,5718,20599
08/03/2021-17:38:11,169,169,2985,7365,7365,9955,5727,5727,20841
08/03/2021-17:39:11,169,169,3029,7429,7429,10015,5773,5773,21083
08/03/2021-17:40:11,169,169,3046,7439,7439,10062,5778,5778,21205
08/03/2021-17:41:11,169,169,3076,7451,7451,10410,5787,5787,21712
08/03/2021-17:42:11,169,169,3108,7455,7455,10469,5791,5791,21853
08/03/2021-17:43:11,171,171,3135,7455,7455,10520,5793,5793,22006
08/03/2021-17:44:11,171,171,3150,7455,7455,10640,5793,5793,22254
08/03/2021-17:45:11,172,172,3196,7456,7456,10701,5795,5795,22470
08/03/2021-17:46:11,176,176,3222,7457,7457,10764,5800,5800,22649
08/03/2021-17:47:11,176,176,3236,7482,7482,10878,5811,5811,22875
08/03/2021-17:48:11,177,177,3282,7494,7494,10984,5816,5816,23133
08/03/2021-17:49:11,181,181,3310,7502,7502,11081,5826,5826,23300
08/03/2021-17:50:11,181,181,3324,7503,7503,11111,5826,5826,23373
08/03/2021-17:51:11,181,181,3375,7505,7505,11462,5827,5827,23938
08/03/2021-17:52:11,184,184,3403,7517,7517,11552,5841,5841,24164
08/03/2021-17:53:12,184,184,3416,7717,7717,11627,5993,5993,24312
08/03/2021-17:54:12,184,184,3464,7737,7737,11786,6007,6007,24581
08/03/2021-17:55:12,187,187,3491,7740,7740,11823,6012,6012,24703
08/03/2021-17:56:12,187,187,3504,7747,7747,11912,6016,6016,24936
08/03/2021-17:57:12,187,187,3554,7759,7759,11994,6024,6024,25159
08/03/2021-17:58:12,190,190,3581,7790,7790,12102,6050,6050,25380
08/03/2021-17:59:12,190,190,3581,7815,7815,12255,6068,6068,25638
08/03/2021-18:00:12,190,190,3631,7827,7827,12391,6074,6074,25927
08/03/2021-18:01:12,192,192,3674,7864,7864,12449,6099,6099,26123
08/03/2021-18:02:12,192,192,3674,7865,7865,12529,6100,6100,26270
08/03/2021-18:03:12,192,192,3722,7871,7871,12682,6105,6105,26577
08/03/2021-18:04:12,195,195,3760,7874,7874,12734,6110,6110,26735
08/03/2021-18:05:12,195,195,3760,7875,7875,12789,6110,6110,26853
08/03/2021-18:06:12,195,195,3808,7875,7875,12857,6110,6110,27067
08/03/2021-18:07:12,196,196,3837,7875,7875,12964,6111,6111,27310
08/03/2021-18:08:12,198,198,3850,7875,7875,13045,6112,6112,27505
08/03/2021-18:09:12,198,198,3882,7877,7877,13097,6113,6113,27663
08/03/2021-18:10:12,198,198,3927,7877,7877,13192,6113,6113,27956
08/03/2021-18:11:13,198,198,3943,7881,7881,13257,6115,6115,28095
08/03/2021-18:12:13,198,198,3974,7948,7948,13371,6152,6152,28366
08/03/2021-18:13:13,198,198,4023,7953,7953,13435,6156,6156,28557
08/03/2021-18:14:13,199,199,4037,7964,7964,13513,6167,6167,28740
08/03/2021-18:15:13,199,199,4067,7999,7999,13608,6191,6191,28934
08/03/2021-18:16:13,200,200,4113,8000,8000,13705,6192,6192,29180
08/03/2021-18:17:13,201,201,4129,8085,8085,13790,6252,6252,29331
08/03/2021-18:18:13,201,201,4157,8090,8090,13881,6253,6253,29572
08/03/2021-18:19:13,201,201,4205,8093,8093,13944,6253,6253,29734
08/03/2021-18:20:13,203,203,4219,8117,8117,14240,6276,6276,30209
08/03/2021-18:21:13,203,203,4247,8125,8125,14303,6282,6282,30373
08/03/2021-18:22:13,203,203,4291,8125,8125,14324,6282,6282,30479
08/03/2021-18:23:13,203,203,4310,8383,8383,14536,6452,6452,30823
08/03/2021-18:24:13,203,203,4337,8392,8392,14644,6459,6459,31042
08/03/2021-18:25:13,203,203,4388,8392,8392,14657,6459,6459,31119
08/03/2021-18:26:13,203,203,4406,8399,8399,15016,6460,6460,31708
08/03/2021-18:27:13,203,203,4419,8408,8408,15100,6464,6464,31912
08/03/2021-18:28:13,203,203,4468,8447,8447,15203,6495,6495,32166
08/03/2021-18:29:14,203,203,4499,8449,8449,15265,6497,6497,32335
08/03/2021-18:30:14,203,203,4511,8450,8450,15350,6498,6498,32551
08/03/2021-18:31:14,203,203,4561,8450,8450,15447,6498,6498,32782
08/03/2021-18:32:14,203,203,4593,8451,8451,15532,6499,6499,32984
08/03/2021-18:33:14,203,203,4604,8455,8455,15591,6503,6503,33124
08/03/2021-18:34:14,203,203,4654,8455,8455,15692,6503,6503,33425
08/03/2021-18:35:14,205,205,4688,8457,8457,15793,6506,6506,33678
08/03/2021-18:36:14,205,205,4698,8468,8468,15888,6515,6515,33894
08/03/2021-18:37:14,205,205,4749,8469,8469,15893,6516,6516,33951
08/03/2021-18:38:14,207,207,4781,8469,8469,16235,6518,6518,34469
08/03/2021-18:39:14,207,207,4791,8469,8469,16287,6518,6518,34600
08/03/2021-18:40:14,207,207,4827,8472,8472,16607,6521,6521,35090
08/03/2021-18:41:14,208,208,4871,8476,8476,16716,6524,6524,35352
08/03/2021-18:42:14,209,209,4873,8592,8592,16802,6621,6621,35537
08/03/2021-18:43:14,209,209,4917,8592,8592,16802,6621,6621,35582
08/03/2021-18:44:14,209,209,4962,8641,8641,17200,6658,6658,36152
08/03/2021-18:45:14,209,209,4965,8749,8749,17279,6721,6721,36332
08/03/2021-18:46:14,209,209,5010,8785,8785,17413,6746,6746,36570
08/03/2021-18:47:15,210,210,5058,8787,8787,17481,6748,6748,36751
08/03/2021-18:48:15,211,211,5061,8829,8829,17579,6782,6782,36939
08/03/2021-18:49:15,211,211,5105,8842,8842,17709,6789,6789,37225
08/03/2021-18:50:15,211,211,5152,8842,8842,17771,6789,6789,37432
08/03/2021-18:51:15,211,211,5156,8858,8858,17860,6799,6799,37600
08/03/2021-18:52:15,211,211,5199,8859,8859,17929,6799,6799,37794
08/03/2021-18:53:15,211,211,5247,8868,8868,18045,6803,6803,38082
08/03/2021-18:54:15,212,212,5252,8877,8877,18185,6811,6811,38301
08/03/2021-18:55:15,212,212,5295,8880,8880,18295,6812,6812,38536
08/03/2021-18:56:15,212,212,5343,8919,8919,18378,6837,6837,38796
08/03/2021-18:57:15,212,212,5349,8920,8920,18457,6837,6837,38935
08/03/2021-18:58:15,212,212,5376,8965,8965,18610,6869,6869,39203
08/03/2021-18:59:15,212,212,5422,8965,8965,18669,6869,6869,39379
08/03/2021-19:00:15,212,212,5440,8967,8967,18776,6870,6870,39598
08/03/2021-19:01:15,212,212,5466,8967,8967,18849,6870,6870,39804
08/03/2021-19:02:15,212,212,5513,8967,8967,18939,6870,6870,40056
08/03/2021-19:03:15,212,212,5535,8967,8967,19022,6870,6870,40259
08/03/2021-19:04:15,212,212,5561,8967,8967,19111,6870,6870,40480
08/03/2021-19:05:15,212,212,5607,8967,8967,19150,6870,6870,40661
08/03/2021-19:06:16,212,212,5629,8970,8970,19227,6872,6872,40835
08/03/2021-19:07:16,212,212,5654,8972,8972,19548,6874,6874,41347
08/03/2021-19:08:16,212,212,5701,8999,8999,19638,6887,6887,41604
08/03/2021-19:09:16,212,212,5721,9053,9053,19734,6929,6929,41784
08/03/2021-19:10:16,212,212,5745,9092,9092,19878,6958,6958,42042
08/03/2021-19:11:16,212,212,5794,9092,9092,19946,6958,6958,42242
08/03/2021-19:12:16,212,212,5814,9102,9102,20100,6963,6963,42528
08/03/2021-19:13:16,212,212,5837,9106,9106,20207,6965,6965,42708
08/03/2021-19:14:16,212,212,5872,9106,9106,20253,6965,6965,42855
08/03/2021-19:15:16,213,213,5910,9108,9108,20291,6968,6968,43006
08/03/2021-19:16:16,213,213,5918,9122,9122,20435,6977,6977,43247
08/03/2021-19:17:16,213,213,5967,9122,9122,20497,6977,6977,43441
08/03/2021-19:18:16,214,214,6000,9166,9166,20625,7006,7006,43739
08/03/2021-19:19:16,214,214,6007,9166,9166,20759,7006,7006,43973
08/03/2021-19:20:16,214,214,6057,9177,9177,20881,7010,7010,44211
08/03/2021-19:21:16,215,215,6095,9178,9178,20980,7011,7011,44452
08/03/2021-19:22:16,215,215,6100,9185,9185,21096,7013,7013,44703
08/03/2021-19:23:16,215,215,6151,9197,9197,21220,7020,7020,44958
08/03/2021-19:24:16,217,217,6188,9198,9198,21297,7022,7022,45147
08/03/2021-19:25:17,217,217,6191,9198,9198,21382,7022,7022,45330
08/03/2021-19:26:17,217,217,6240,9198,9198,21474,7022,7022,45565
08/03/2021-19:27:17,217,217,6281,9199,9199,21569,7022,7022,45837
08/03/2021-19:28:17,217,217,6284,9199,9199,21602,7022,7022,45915
08/03/2021-19:29:17,217,217,6334,9199,9199,21705,7022,7022,46218
08/03/2021-19:30:17,218,218,6372,9199,9199,21797,7023,7023,46467
08/03/2021-19:31:17,218,218,6374,9200,9200,21885,7024,7024,46679
08/03/2021-19:32:17,218,218,6425,9200,9200,21885,7024,7024,46730
08/03/2021-19:33:17,219,219,6464,9208,9208,22264,7032,7032,47311
08/03/2021-19:34:17,219,219,6464,9223,9223,22387,7039,7039,47572
08/03/2021-19:35:17,219,219,6514,9223,9223,22387,7039,7039,47623
08/03/2021-19:36:17,220,220,6553,9246,9246,22712,7053,7053,48169
08/03/2021-19:37:17,220,220,6553,9315,9315,22759,7117,7117,48287
08/03/2021-19:38:17,220,220,6590,9402,9402,22871,7181,7181,48533
08/03/2021-19:39:17,220,220,6636,9402,9402,22933,7181,7181,48720
08/03/2021-19:40:17,221,221,6646,9412,9412,23035,7186,7186,48937
08/03/2021-19:41:18,221,221,6681,9420,9420,23122,7190,7190,49142
08/03/2021-19:42:18,222,222,6727,9423,9423,23226,7192,7192,49432
08/03/2021-19:43:18,222,222,6737,9438,9438,23304,7203,7203,49641
08/03/2021-19:44:18,222,222,6773,9440,9440,23411,7204,7204,49868
08/03/2021-19:45:18,222,222,6808,9459,9459,23501,7214,7214,50099
08/03/2021-19:46:18,223,223,6833,9461,9461,23599,7216,7216,50324
08/03/2021-19:47:18,223,223,6853,9464,9464,23666,7217,7217,50492
08/03/2021-19:48:18,223,223,6901,9464,9464,23666,7217,7217,50543
08/03/2021-19:49:18,223,223,6924,9475,9475,24018,7223,7223,51200
08/03/2021-19:50:18,223,223,6941,9488,9488,24086,7232,7232,51369
08/03/2021-19:51:18,223,223,6989,9488,9488,24086,7232,7232,51419
08/03/2021-19:52:18,223,223,7015,9490,9490,24405,7234,7234,51956
08/03/2021-19:53:18,223,223,7029,9490,9490,24492,7234,7234,52153
08/03/2021-19:54:18,223,223,7078,9490,9490,24583,7234,7234,52390
08/03/2021-19:55:18,223,223,7107,9490,9490,24682,7234,7234,52658
08/03/2021-19:56:18,223,223,7121,9490,9490,24745,7234,7234,52835
08/03/2021-19:57:18,223,223,7169,9490,9490,24816,7234,7234,53044
08/03/2021-19:58:18,224,224,7202,9490,9490,24926,7235,7235,53320
08/03/2021-19:59:18,224,224,7214,9491,9491,25013,7235,7235,53509
08/03/2021-20:00:18,224,224,7261,9491,9491,25013,7235,7235,53560
08/03/2021-20:01:19,225,225,7294,9491,9491,25376,7235,7235,54137
08/03/2021-20:02:19,225,225,7306,9495,9495,25522,7237,7237,54427
08/03/2021-20:03:19,225,225,7355,9497,9497,25590,7239,7239,54649
08/03/2021-20:04:19,226,226,7384,9505,9505,25692,7245,7245,54882
08/03/2021-20:05:19,226,226,7394,9531,9531,25750,7264,7264,55024
08/03/2021-20:06:19,226,226,7443,9690,9690,26021,7363,7363,55453
08/03/2021-20:07:19,227,227,7475,9715,9715,26129,7385,7385,55673
08/03/2021-20:08:19,227,227,7485,9734,9734,26204,7399,7399,55833
08/03/2021-20:09:19,227,227,7536,9745,9745,26306,7405,7405,56094
08/03/2021-20:10:19,227,227,7569,9748,9748,26368,7407,7407,56342
08/03/2021-20:11:19,227,227,7579,9779,9779,26511,7430,7430,56581
08/03/2021-20:12:19,227,227,7629,9792,9792,26670,7439,7439,56846
08/03/2021-20:13:19,228,228,7661,9792,9792,26670,7440,7440,56884
08/03/2021-20:14:19,228,228,7671,9801,9801,27041,7444,7444,57469
08/03/2021-20:15:19,228,228,7719,9816,9816,27117,7452,7452,57650
08/03/2021-20:16:19,228,228,7754,9816,9816,27410,7452,7452,58158
08/03/2021-20:17:19,228,228,7764,9844,9844,27498,7468,7468,58314
08/03/2021-20:18:20,228,228,7811,9844,9844,27613,7468,7468,58592
08/03/2021-20:19:20,228,228,7845,9850,9850,27730,7470,7470,58850
08/03/2021-20:20:20,228,228,7854,9850,9850,27784,7470,7470,58952
08/03/2021-20:21:20,228,228,7901,9850,9850,27865,7470,7470,59183
08/03/2021-20:22:20,228,228,7927,9850,9850,27960,7470,7470,59408
08/03/2021-20:23:20,229,229,7933,9850,9850,28050,7471,7471,59647
08/03/2021-20:24:20,229,229,7974,9850,9850,28119,7471,7471,59855
08/03/2021-20:25:20,230,230,8018,9850,9850,28195,7472,7472,60063
08/03/2021-20:26:20,231,231,8024,9850,9850,28315,7473,7473,60307
08/03/2021-20:27:20,231,231,8064,9850,9850,28404,7473,7473,60531
08/03/2021-20:28:20,232,232,8108,9850,9850,28404,7474,7474,60581
08/03/2021-20:29:20,232,232,8114,9850,9850,28762,7474,7474,61130
08/03/2021-20:30:20,232,232,8153,9850,9850,28906,7474,7474,61448
08/03/2021-20:31:20,232,232,8199,9856,9856,28972,7478,7478,61640
08/03/2021-20:32:20,234,234,8204,9861,9861,29091,7483,7483,61872
08/03/2021-20:33:20,234,234,8244,9878,9878,29170,7497,7497,62124
08/03/2021-20:34:20,234,234,8289,9899,9899,29285,7511,7511,62394
08/03/2021-20:35:21,234,234,8297,9933,9933,29369,7539,7539,62533
08/03/2021-20:36:21,234,234,8336,9961,9961,29457,7547,7547,62782
08/03/2021-20:37:21,235,235,8383,9975,9975,29523,7556,7556,62993
08/03/2021-20:38:21,235,235,8391,9990,9990,29596,7563,7563,63168
08/03/2021-20:39:21,235,235,8428,10004,10004,29704,7573,7573,63416
08/03/2021-20:40:21,235,235,8474,10011,10011,29771,7577,7577,63642
08/03/2021-20:41:21,236,236,8481,10013,10013,29889,7578,7578,63865
08/03/2021-20:42:21,236,236,8518,10014,10014,29935,7579,7579,63992
08/03/2021-20:43:21,236,236,8566,10021,10021,30039,7585,7585,64249
08/03/2021-20:44:21,237,237,8575,10022,10022,30092,7587,7587,64387
08/03/2021-20:45:21,237,237,8611,10024,10024,30212,7589,7589,64655
08/03/2021-20:46:21,237,237,8659,10025,10025,30281,7589,7589,64874
08/03/2021-20:47:21,237,237,8670,10025,10025,30356,7589,7589,65074
08/03/2021-20:48:21,237,237,8704,10025,10025,30446,7589,7589,65314
08/03/2021-20:49:21,237,237,8751,10025,10025,30532,7589,7589,65540
08/03/2021-20:50:21,238,238,8765,10025,10025,30591,7590,7590,65692
08/03/2021-20:51:21,238,238,8798,10025,10025,30672,7590,7590,65885
08/03/2021-20:52:21,238,238,8848,10025,10025,30984,7590,7590,66379
08/03/2021-20:53:21,239,239,8861,10025,10025,31068,7591,7591,66598
08/03/2021-20:54:22,239,239,8893,10025,10025,31178,7591,7591,66805
08/03/2021-20:55:22,239,239,8936,10025,10025,31299,7591,7591,67105
08/03/2021-20:56:22,239,239,8951,10061,10061,31388,7607,7607,67332
08/03/2021-20:57:22,239,239,8982,10062,10062,31437,7607,7607,67435
08/03/2021-20:58:22,239,239,9031,10083,10083,31753,7622,7622,67972
08/03/2021-20:59:22,240,240,9048,10107,10107,31881,7639,7639,68230
08/03/2021-21:00:22,240,240,9077,10126,10126,31989,7650,7650,68458
08/03/2021-21:01:22,240,240,9125,10131,10131,32130,7655,7655,68730
08/03/2021-21:02:22,242,242,9141,10131,10131,32130,7657,7657,68748
08/03/2021-21:03:22,243,243,9167,10143,10143,32498,7666,7666,69354
08/03/2021-21:04:22,243,243,9212,10143,10143,32565,7666,7666,69539
08/03/2021-21:05:22,243,243,9230,10163,10163,32640,7675,7675,69754
08/03/2021-21:06:22,243,243,9256,10170,10170,32682,7678,7678,69875
08/03/2021-21:07:22,243,243,9303,10172,10172,32993,7680,7680,70398
08/03/2021-21:08:22,243,243,9320,10181,10181,33072,7685,7685,70595
08/03/2021-21:09:22,243,243,9346,10184,10184,33156,7688,7688,70789
08/03/2021-21:10:22,243,243,9380,10194,10194,33229,7697,7697,70985
08/03/2021-21:11:22,246,246,9409,10206,10206,33335,7707,7707,71254
08/03/2021-21:12:22,246,246,9417,10227,10227,33422,7719,7719,71466
08/03/2021-21:13:22,247,247,9464,10238,10238,33511,7727,7727,71692
08/03/2021-21:14:23,248,248,9501,10240,10240,33645,7730,7730,71956
08/03/2021-21:15:23,248,248,9508,10240,10240,33690,7730,7730,72047
08/03/2021-21:16:23,248,248,9556,10240,10240,33776,7730,7730,72282
08/03/2021-21:17:23,250,250,9589,10240,10240,33868,7732,7732,72505
08/03/2021-21:18:23,251,251,9591,10240,10240,33967,7733,7733,72735
08/03/2021-21:19:23,251,251,9631,10240,10240,34002,7733,7733,72853
08/03/2021-21:20:23,252,252,9675,10240,10240,34105,7734,7734,73158
08/03/2021-21:21:23,253,253,9683,10240,10240,34192,7734,7734,73377
08/03/2021-21:22:23,253,253,9722,10240,10240,34294,7734,7734,73625
08/03/2021-21:23:23,253,253,9768,10240,10240,34299,7734,7734,73685
08/03/2021-21:24:23,253,253,9777,10240,10240,34670,7734,7734,74236
08/03/2021-21:25:23,253,253,9815,10241,10241,34738,7735,7735,74449
08/03/2021-21:26:23,253,253,9863,10241,10241,34840,7735,7735,74686
08/03/2021-21:27:23,254,254,9871,10242,10242,34966,7735,7735,74951
08/03/2021-21:28:23,254,254,9907,10248,10248,35016,7738,7738,75088
08/03/2021-21:29:23,254,254,9954,10259,10259,35178,7743,7743,75420
08/03/2021-21:30:23,255,255,9960,10265,10265,35241,7748,7748,75538
08/03/2021-21:31:23,255,255,9995,10667,10667,35263,7983,7983,75760
08/03/2021-21:32:23,256,256,10044,10676,10676,35336,7990,7990,75974
08/03/2021-21:33:24,257,257,10056,10676,10676,35336,7991,7991,75987
08/03/2021-21:34:24,257,257,10090,10765,10765,35487,8048,8048,76356
08/03/2021-21:35:24,257,257,10135,10783,10783,35592,8057,8057,76640
08/03/2021-21:36:24,257,257,10149,10783,10783,35592,8057,8057,76655
08/03/2021-21:37:24,257,257,10181,10864,10864,35940,8103,8103,77148
08/03/2021-21:38:24,257,257,10230,10866,10866,36094,8105,8105,77428
08/03/2021-21:39:24,259,259,10243,10924,10924,36182,8138,8138,77658
08/03/2021-21:40:24,259,259,10274,10925,10925,36185,8139,8139,77702
08/03/2021-21:41:24,259,259,10319,10930,10930,36486,8142,8142,78210
08/03/2021-21:42:24,261,261,10335,10937,10937,36523,8147,8147,78338
08/03/2021-21:43:24,261,261,10364,10937,10937,36841,8147,8147,78831
08/03/2021-21:44:24,261,261,10409,10945,10945,36876,8153,8153,78959
08/03/2021-21:45:24,261,261,10427,11021,11021,37052,8199,8199,79276
08/03/2021-21:46:24,261,261,10453,11022,11022,37192,8200,8200,79556
08/03/2021-21:47:24,261,261,10498,11025,11025,37218,8202,8202,79647
08/03/2021-21:48:24,263,263,10518,11066,11066,37365,8217,8217,80042
08/03/2021-21:49:24,263,263,10539,11068,11068,37438,8217,8217,80218
08/03/2021-21:50:24,263,263,10586,11308,11308,37460,8392,8392,80387
08/03/2021-21:51:24,263,263,10612,11309,11309,37564,8392,8392,80617
08/03/2021-21:52:25,263,263,10631,11333,11333,37616,8402,8402,80757
08/03/2021-21:53:25,263,263,10680,11333,11333,37702,8402,8402,80994
08/03/2021-21:54:25,264,264,10705,11333,11333,37806,8403,8403,81245
08/03/2021-21:55:25,264,264,10722,11333,11333,37884,8403,8403,81441
08/03/2021-21:56:25,264,264,10771,11333,11333,37941,8403,8403,81627
08/03/2021-21:57:25,264,264,10800,11333,11333,38041,8403,8403,81908
08/03/2021-21:58:25,264,264,10803,11333,11333,38110,8403,8403,82045
08/03/2021-21:59:25,264,264,10850,11334,11334,38160,8403,8403,82240
08/03/2021-22:00:25,264,264,10893,11334,11334,38230,8403,8403,82448
08/03/2021-22:01:25,264,264,10895,11334,11334,38580,8403,8403,82965
08/03/2021-22:02:25,264,264,10946,11334,11334,38660,8403,8403,83215
08/03/2021-22:03:25,265,265,10986,11334,11334,38773,8404,8404,83448
08/03/2021-22:04:25,265,265,10987,11334,11334,38868,8404,8404,83621
08/03/2021-22:05:25,265,265,11036,11341,11341,38954,8411,8411,83861
08/03/2021-22:06:25,267,267,11079,11344,11344,39047,8412,8412,84086
08/03/2021-22:07:25,267,267,11079,11353,11353,39206,8417,8417,84373
08/03/2021-22:08:25,267,267,11114,11375,11375,39361,8434,8434,84614
08/03/2021-22:09:26,268,268,11159,11385,11385,39471,8443,8443,84889
08/03/2021-22:10:26,268,268,11171,11399,11399,39572,8451,8451,85106
08/03/2021-22:11:26,268,268,11203,11436,11436,39645,8471,8471,85265
08/03/2021-22:12:26,268,268,11252,11448,11448,39708,8477,8477,85469
08/03/2021-22:13:26,268,268,11269,11452,11452,39822,8479,8479,85696
08/03/2021-22:14:26,268,268,11299,11457,11457,39905,8481,8481,85952
08/03/2021-22:15:26,268,268,11347,11508,11508,39973,8515,8515,86151
08/03/2021-22:16:26,268,268,11361,11508,11508,39993,8515,8515,86225
08/03/2021-22:17:26,268,268,11375,11515,11515,40301,8520,8520,86701
08/03/2021-22:18:26,268,268,11426,11516,11516,40348,8521,8521,86859
08/03/2021-22:19:26,268,268,11456,11651,11651,40537,8597,8597,87228
08/03/2021-22:20:26,268,268,11470,11689,11689,40623,8613,8613,87436
08/03/2021-22:21:26,268,268,11519,11693,11693,40762,8613,8613,87726
08/03/2021-22:22:26,268,268,11550,11699,11699,40842,8618,8618,87955
08/03/2021-22:23:26,268,268,11562,11702,11702,40923,8619,8619,88157
08/03/2021-22:24:26,268,268,11610,11702,11702,40923,8619,8619,88207
08/03/2021-22:25:26,269,269,11643,11727,11727,41120,8629,8629,88697
08/03/2021-22:26:26,269,269,11653,11727,11727,41190,8629,8629,88872
08/03/2021-22:27:26,269,269,11698,11727,11727,41306,8629,8629,89132
08/03/2021-22:28:27,269,269,11737,11727,11727,41381,8629,8629,89356
08/03/2021-22:29:27,269,269,11742,11728,11728,41453,8630,8630,89524
08/03/2021-22:30:27,269,269,11789,11728,11728,41532,8630,8630,89776
08/03/2021-22:31:27,271,271,11827,11728,11728,41616,8632,8632,90003
08/03/2021-22:32:27,271,271,11830,11728,11728,41666,8632,8632,90152
08/03/2021-22:33:27,271,271,11880,11728,11728,41741,8632,8632,90366
08/03/2021-22:34:27,271,271,11921,11728,11728,42060,8632,8632,90845
08/03/2021-22:35:27,271,271,11921,11728,11728,42153,8632,8632,91054
08/03/2021-22:36:27,271,271,11971,11728,11728,42265,8632,8632,91281
08/03/2021-22:37:27,273,273,12014,11729,11729,42404,8633,8633,91584
08/03/2021-22:38:27,273,273,12014,11735,11735,42498,8638,8638,91780
08/03/2021-22:39:27,273,273,12062,11735,11735,42546,8638,8638,91954
08/03/2021-22:40:27,273,273,12110,11740,11740,42724,8641,8641,92283
08/03/2021-22:41:27,273,273,12110,11746,11746,42784,8645,8645,92405
08/03/2021-22:42:27,273,273,12157,11785,11785,43014,8666,8666,92844
08/03/2021-22:43:27,274,274,12198,11803,11803,43134,8678,8678,93088
08/03/2021-22:44:27,274,274,12200,11930,11930,43147,8755,8755,93143
08/03/2021-22:45:27,274,274,12244,11977,11977,43265,8782,8782,93454
08/03/2021-22:46:28,274,274,12289,11982,11982,43328,8783,8783,93623
08/03/2021-22:47:28,274,274,12292,12020,12020,43503,8807,8807,93877
08/03/2021-22:48:28,274,274,12335,12045,12045,43569,8821,8821,94113
08/03/2021-22:49:28,274,274,12382,12048,12048,43639,8823,8823,94354
08/03/2021-22:50:28,274,274,12387,12049,12049,43701,8823,8823,94533
08/03/2021-22:51:28,274,274,12429,12087,12087,43757,8842,8842,94731
08/03/2021-22:52:28,274,274,12475,12149,12149,43869,8882,8882,94988
08/03/2021-22:53:28,274,274,12480,12151,12151,43994,8883,8883,95221
08/03/2021-22:54:28,274,274,12520,12151,12151,44079,8883,8883,95418
08/03/2021-22:55:28,274,274,12562,12155,12155,44206,8884,8884,95631
08/03/2021-22:56:28,275,275,12566,12198,12198,44399,8906,8906,96033
08/03/2021-22:57:28,275,275,12604,12198,12198,44439,8906,8906,96158
08/03/2021-22:58:28,275,275,12653,12205,12205,44630,8910,8910,96589
08/03/2021-22:59:28,275,275,12662,12261,12261,44690,8937,8937,96738
08/03/2021-23:00:28,275,275,12698,12261,12261,44771,8937,8937,96955
08/03/2021-23:01:28,275,275,12745,12261,12261,44882,8937,8937,97219
08/03/2021-23:02:28,276,276,12756,12262,12262,44956,8939,8939,97403
08/03/2021-23:03:28,276,276,12792,12265,12265,45021,8942,8942,97604
08/03/2021-23:04:29,276,276,12839,12265,12265,45095,8942,8942,97841
08/03/2021-23:05:29,276,276,12849,12265,12265,45195,8942,8942,98057
08/03/2021-23:06:29,276,276,12883,12265,12265,45245,8942,8942,98239
08/03/2021-23:07:29,276,276,12932,12265,12265,45323,8942,8942,98455
08/03/2021-23:08:29,276,276,12942,12265,12265,45645,8942,8942,98907
08/03/2021-23:09:29,276,276,12973,12265,12265,45731,8942,8942,99139
08/03/2021-23:10:29,276,276,13024,12265,12265,45835,8942,8942,99367
08/03/2021-23:11:29,277,277,13039,12266,12266,45954,8943,8943,99640
08/03/2021-23:12:29,277,277,13070,12268,12268,46042,8945,8945,99872
08/03/2021-23:13:29,277,277,13113,12270,12270,46104,8946,8946,100049
08/03/2021-23:14:29,277,277,13132,12273,12273,46293,8947,8947,100382
08/03/2021-23:15:29,277,277,13159,12280,12280,46395,8950,8950,100634
08/03/2021-23:16:29,277,277,13206,12284,12284,46526,8953,8953,100906
08/03/2021-23:17:29,278,278,13225,12287,12287,46568,8953,8953,101008
08/03/2021-23:18:29,278,278,13251,12427,12427,46619,9046,9046,101181
08/03/2021-23:19:29,278,278,13299,12474,12474,46672,9078,9078,101379
08/03/2021-23:20:29,279,279,13317,12505,12505,46780,9097,9097,101637
08/03/2021-23:21:29,279,279,13341,12510,12510,46833,9101,9101,101779
08/03/2021-23:22:29,279,279,13389,12549,12549,47198,9124,9124,102268
08/03/2021-23:23:29,279,279,13407,12554,12554,47371,9127,9127,102510
08/03/2021-23:24:29,279,279,13414,12556,12556,47431,9128,9128,102686
08/03/2021-23:25:30,279,279,13465,12566,12566,47508,9135,9135,102869
08/03/2021-23:26:30,279,279,13505,12567,12567,47578,9135,9135,103128
08/03/2021-23:27:30,279,279,13511,12578,12578,47651,9142,9142,103275
08/03/2021-23:28:30,279,279,13560,12579,12579,47728,9143,9143,103541
08/03/2021-23:29:30,279,279,13599,12579,12579,47775,9143,9143,103631
08/03/2021-23:30:30,279,279,13603,12661,12661,48036,9179,9179,104126
08/03/2021-23:31:30,279,279,13654,12661,12661,48036,9179,9179,104177
08/03/2021-23:32:30,279,279,13691,12668,12668,48380,9183,9183,104744
08/03/2021-23:33:30,279,279,13693,12697,12697,48517,9200,9200,105022
08/03/2021-23:34:30,279,279,13741,12704,12704,48601,9205,9205,105210
08/03/2021-23:35:30,279,279,13784,12711,12711,48811,9210,9210,105538
08/03/2021-23:36:30,279,279,13785,12737,12737,48912,9223,9223,105743
08/03/2021-23:37:30,279,279,13821,12741,12741,48981,9226,9226,105935
08/03/2021-23:38:30,279,279,13867,12747,12747,49064,9230,9230,106187
08/03/2021-23:39:30,279,279,13878,12747,12747,49108,9230,9230,106298
08/03/2021-23:40:30,279,279,13913,12747,12747,49163,9230,9230,106467
08/03/2021-23:41:30,279,279,13961,12747,12747,49277,9230,9230,106765
08/03/2021-23:42:30,279,279,13970,12747,12747,49373,9230,9230,107015
08/03/2021-23:43:31,279,279,14003,12747,12747,49416,9230,9230,107166
08/03/2021-23:44:31,279,279,14048,12747,12747,49532,9230,9230,107469
08/03/2021-23:45:31,280,280,14061,12747,12747,49592,9231,9231,107668
08/03/2021-23:46:31,280,280,14093,12747,12747,49678,9231,9231,107871
08/03/2021-23:47:31,280,280,14143,12747,12747,49883,9231,9231,108185
08/03/2021-23:48:31,280,280,14156,12747,12747,50081,9231,9231,108503
08/03/2021-23:49:31,280,280,14187,12747,12747,50206,9231,9231,108779
08/03/2021-23:50:31,280,280,14235,12747,12747,50306,9231,9231,109033
08/03/2021-23:51:31,280,280,14250,12748,12748,50418,9232,9232,109290
08/03/2021-23:52:31,280,280,14280,12748,12748,50465,9232,9232,109440
08/03/2021-23:53:31,280,280,14329,12749,12749,50637,9232,9232,109764
08/03/2021-23:54:31,280,280,14345,12752,12752,50743,9234,9234,110019
08/03/2021-23:55:31,280,280,14374,12813,12813,50827,9273,9273,110236
08/03/2021-23:56:31,280,280,14420,12841,12841,50930,9293,9293,110522
08/03/2021-23:57:31,281,281,14439,12970,12970,50960,9367,9367,110648
08/03/2021-23:58:31,281,281,14465,12976,12976,51027,9372,9372,110851
08/03/2021-23:59:32,281,281,14512,12983,12983,51425,9378,9378,111391
09/03/2021-00:00:32,281,281,14533,12983,12983,51505,9378,9378,111606
09/03/2021-00:01:32,281,281,14557,12991,12991,51606,9385,9385,111869
09/03/2021-00:02:32,281,281,14606,13009,13009,51622,9393,9393,111973
09/03/2021-00:03:32,281,281,14629,13020,13020,51956,9399,9399,112543
09/03/2021-00:04:32,281,281,14650,13035,13035,52037,9408,9408,112753
09/03/2021-00:05:32,281,281,14700,13079,13079,52124,9437,9437,112965
09/03/2021-00:06:32,282,282,14723,13115,13115,52237,9460,9460,113192
09/03/2021-00:07:32,282,282,14743,13116,13116,52262,9460,9460,113285
09/03/2021-00:08:32,282,282,14792,13158,13158,52585,9482,9482,113836
09/03/2021-00:09:32,283,283,14819,13162,13162,52655,9483,9483,114056
09/03/2021-00:10:32,283,283,14836,13172,13172,52768,9488,9488,114318
09/03/2021-00:11:32,283,283,14885,13176,13176,52917,9491,9491,114610
09/03/2021-00:12:32,284,284,14914,13185,13185,53018,9499,9499,114828
09/03/2021-00:13:32,284,284,14927,13185,13185,53064,9499,9499,114959
09/03/2021-00:14:32,284,284,14963,13185,13185,53181,9499,9499,115217
09/03/2021-00:15:32,284,284,15012,13185,13185,53225,9499,9499,115408
09/03/2021-00:16:32,284,284,15012,13185,13185,53315,9499,9499,115636
09/03/2021-00:17:33,284,284,15060,13186,13186,53360,9500,9500,115809
09/03/2021-00:18:33,285,285,15107,13186,13186,53494,9500,9500,116148
09/03/2021-00:19:33,285,285,15108,13186,13186,53535,9500,9500,116303
09/03/2021-00:20:33,285,285,15153,13186,13186,53618,9500,9500,116520
09/03/2021-00:21:33,285,285,15199,13186,13186,53918,9500,9500,116991
09/03/2021-00:22:33,285,285,15202,13186,13186,54019,9500,9500,117204
09/03/2021-00:23:33,285,285,15247,13186,13186,54124,9500,9500,117425
09/03/2021-00:24:33,285,285,15291,13186,13186,54244,9500,9500,117731
09/03/2021-00:25:33,285,285,15296,13190,13190,54331,9503,9503,117937
09/03/2021-00:26:33,285,285,15338,13192,13192,54391,9504,9504,118111
09/03/2021-00:27:33,285,285,15385,13194,13194,54563,9504,9504,118448
09/03/2021-00:28:33,285,285,15390,13196,13196,54659,9505,9505,118666
09/03/2021-00:29:33,285,285,15431,13204,13204,54710,9509,9509,118858
09/03/2021-00:30:33,285,285,15478,13205,13205,54811,9510,9510,119100
09/03/2021-00:31:33,286,286,15484,13205,13205,54858,9511,9511,119227
09/03/2021-00:32:33,286,286,15523,13322,13322,55113,9568,9568,119675
09/03/2021-00:33:33,286,286,15570,13335,13335,55238,9577,9577,119928
09/03/2021-00:34:33,286,286,15579,13391,13391,55305,9605,9605,120069
09/03/2021-00:35:34,286,286,15618,13403,13403,55400,9612,9612,120355
09/03/2021-00:36:34,286,286,15653,13424,13424,55459,9622,9622,120542
09/03/2021-00:37:34,287,287,15674,13447,13447,55665,9634,9634,120857
09/03/2021-00:38:34,287,287,15696,13452,13452,55743,9634,9634,121052
09/03/2021-00:39:34,287,287,15745,13452,13452,55743,9634,9634,121104
09/03/2021-00:40:34,288,288,15768,13490,13490,56108,9655,9655,121748
09/03/2021-00:41:34,288,288,15790,13491,13491,56148,9656,9656,121876
09/03/2021-00:42:34,288,288,15840,13491,13491,56462,9656,9656,122394
09/03/2021-00:43:34,288,288,15866,13492,13492,56519,9656,9656,122532
09/03/2021-00:44:34,288,288,15886,13495,13495,56840,9658,9658,123033
09/03/2021-00:45:34,288,288,15936,13515,13515,56952,9673,9673,123321
09/03/2021-00:46:34,288,288,15965,13526,13526,57009,9677,9677,123509
09/03/2021-00:47:34,288,288,15983,13526,13526,57079,9677,9677,123698
09/03/2021-00:48:34,288,288,16032,13526,13526,57188,9677,9677,123967
09/03/2021-00:49:34,288,288,16061,13526,13526,57253,9677,9677,124180
09/03/2021-00:50:34,288,288,16074,13526,13526,57324,9677,9677,124360
09/03/2021-00:51:34,288,288,16124,13526,13526,57411,9677,9677,124631
09/03/2021-00:52:34,288,288,16157,13526,13526,57496,9677,9677,124839
09/03/2021-00:53:34,288,288,16169,13526,13526,57551,9677,9677,125000
09/03/2021-00:54:35,288,288,16217,13526,13526,57636,9677,9677,125225
09/03/2021-00:55:35,290,290,16250,13526,13526,57945,9679,9679,125722
09/03/2021-00:56:35,290,290,16260,13526,13526,58046,9679,9679,125967
09/03/2021-00:57:35,290,290,16311,13526,13526,58153,9679,9679,126210
09/03/2021-00:58:35,290,290,16345,13528,13528,58233,9680,9680,126423
09/03/2021-00:59:35,290,290,16355,13530,13530,58323,9680,9680,126638
09/03/2021-01:00:35,290,290,16404,13530,13530,58422,9680,9680,126886
09/03/2021-01:01:35,290,290,16439,13532,13532,58581,9682,9682,127213
09/03/2021-01:02:35,290,290,16448,13532,13532,58665,9682,9682,127386
09/03/2021-01:03:35,290,290,16496,13532,13532,58739,9682,9682,127610
09/03/2021-01:04:35,291,291,16534,13532,13532,58776,9683,9683,127734
09/03/2021-01:05:35,291,291,16541,13533,13533,59096,9684,9684,128209
09/03/2021-01:06:35,291,291,16589,13533,13533,59211,9684,9684,128385
09/03/2021-01:07:35,292,292,16625,13540,13540,59568,9688,9688,128934
09/03/2021-01:08:35,292,292,16631,13540,13540,59636,9688,9688,129008
09/03/2021-01:09:35,292,292,16680,13664,13664,59909,9758,9758,129552
09/03/2021-01:10:35,292,292,16719,13673,13673,60029,9760,9760,129787
09/03/2021-01:11:35,292,292,16724,13743,13743,60111,9803,9803,130035
09/03/2021-01:12:36,292,292,16774,13749,13749,60270,9807,9807,130368
09/03/2021-01:13:36,292,292,16814,13784,13784,60349,9833,9833,130571
09/03/2021-01:14:36,292,292,16817,13812,13812,60461,9853,9853,130827
09/03/2021-01:15:36,292,292,16863,13822,13822,60546,9858,9858,131043
09/03/2021-01:16:36,292,292,16906,13830,13830,60684,9864,9864,131338
09/03/2021-01:17:36,292,292,16907,13841,13841,60822,9868,9868,131621
09/03/2021-01:18:36,292,292,16957,13844,13844,60861,9869,9869,131769
09/03/2021-01:19:36,292,292,17005,13844,13844,60950,9869,9869,132087
09/03/2021-01:20:36,292,292,17005,13846,13846,60969,9870,9870,132162
09/03/2021-01:21:36,292,292,17051,13847,13847,61278,9871,9871,132678
09/03/2021-01:22:36,293,293,17095,13864,13864,61335,9884,9884,132897
09/03/2021-01:23:36,293,293,17095,13864,13864,61478,9884,9884,133164
09/03/2021-01:24:36,293,293,17140,13873,13873,61524,9889,9889,133304
09/03/2021-01:25:36,293,293,17186,13899,13899,61816,9898,9898,133802
09/03/2021-01:26:36,293,293,17187,13904,13904,61894,9901,9901,133955
09/03/2021-01:27:36,293,293,17233,13905,13905,61977,9902,9902,134182
09/03/2021-01:28:36,293,293,17279,13905,13905,62096,9902,9902,134449
09/03/2021-01:29:36,294,294,17281,13905,13905,62157,9903,9903,134627
09/03/2021-01:30:36,294,294,17325,13905,13905,62234,9903,9903,134839
09/03/2021-01:31:37,294,294,17354,13905,13905,62331,9903,9903,135112
09/03/2021-01:32:37,295,295,17373,13905,13905,62408,9904,9904,135287
09/03/2021-01:33:37,295,295,17395,13905,13905,62456,9904,9904,135460
09/03/2021-01:34:37,295,295,17442,13906,13906,62542,9905,9905,135684
09/03/2021-01:35:37,296,296,17465,13906,13906,62885,9906,9906,136205
09/03/2021-01:36:37,296,296,17486,13906,13906,62974,9906,9906,136429
09/03/2021-01:37:37,296,296,17533,13906,13906,63080,9906,9906,136670
09/03/2021-01:38:37,296,296,17555,13906,13906,63168,9906,9906,136872
09/03/2021-01:39:37,296,296,17575,13907,13907,63262,9907,9907,137103
09/03/2021-01:40:37,296,296,17623,13907,13907,63318,9907,9907,137285
09/03/2021-01:41:37,296,296,17650,13908,13908,63512,9908,9908,137639
09/03/2021-01:42:37,296,296,17666,13912,13912,63609,9911,9911,137848
09/03/2021-01:43:37,296,296,17716,13913,13913,63692,9911,9911,138075
09/03/2021-01:44:37,297,297,17746,13956,13956,63817,9939,9939,138330
09/03/2021-01:45:37,297,297,17760,13961,13961,63877,9942,9942,138468
09/03/2021-01:46:37,297,297,17806,13988,13988,64150,9956,9956,138925
09/03/2021-01:47:37,297,297,17835,13990,13990,64298,9957,9957,139204
09/03/2021-01:48:37,297,297,17847,13990,13990,64298,9957,9957,139216
09/03/2021-01:49:37,297,297,17895,14020,14020,64634,9973,9973,139823
09/03/2021-01:50:37,297,297,17931,14020,14020,64638,9973,9973,139868
09/03/2021-01:51:38,297,297,17941,14021,14021,64965,9974,9974,140346
09/03/2021-01:52:38,297,297,17992,14059,14059,65107,9996,9996,140733
09/03/2021-01:53:38,297,297,18028,14060,14060,65176,9997,9997,140888
09/03/2021-01:54:38,297,297,18037,14138,14138,65310,10047,10047,141179
09/03/2021-01:55:38,297,297,18086,14139,14139,65368,10047,10047,141359
09/03/2021-01:56:38,298,298,18117,14139,14139,65499,10048,10048,141721
09/03/2021-01:57:38,298,298,18124,14144,14144,65581,10051,10051,141912
09/03/2021-01:58:38,298,298,18174,14148,14148,65614,10053,10053,142060
09/03/2021-01:59:38,298,298,18213,14152,14152,65941,10055,10055,142587
09/03/2021-02:00:38,298,298,18219,14156,14156,66019,10056,10056,142796
09/03/2021-02:01:38,298,298,18270,14197,14197,66152,10081,10081,143084
09/03/2021-02:02:38,298,298,18310,14217,14217,66232,10090,10090,143336
09/03/2021-02:03:38,298,298,18314,14228,14228,66323,10092,10092,143520
09/03/2021-02:04:38,298,298,18363,14229,14229,66388,10093,10093,143715
09/03/2021-02:05:38,298,298,18404,14229,14229,66471,10093,10093,143953
09/03/2021-02:06:38,298,298,18404,14229,14229,66578,10093,10093,144158
09/03/2021-02:07:38,298,298,18438,14229,14229,66671,10093,10093,144422
09/03/2021-02:08:39,298,298,18488,14229,14229,66734,10093,10093,144647
09/03/2021-02:09:39,298,298,18502,14229,14229,66817,10093,10093,144844
09/03/2021-02:10:39,298,298,18532,14229,14229,66918,10093,10093,145135
09/03/2021-02:11:39,298,298,18580,14229,14229,67001,10093,10093,145364
09/03/2021-02:12:39,298,298,18595,14229,14229,67263,10093,10093,145773
09/03/2021-02:13:39,298,298,18611,14229,14229,67362,10093,10093,146007
09/03/2021-02:14:39,298,298,18658,14229,14229,67479,10093,10093,146253
09/03/2021-02:15:39,298,298,18686,14230,14230,67577,10094,10094,146516
09/03/2021-02:16:39,298,298,18700,14231,14231,67679,10095,10095,146757
09/03/2021-02:17:39,298,298,18750,14231,14231,67741,10095,10095,146952
09/03/2021-02:18:39,298,298,18784,14231,14231,67909,10095,10095,147258
09/03/2021-02:19:39,298,298,18796,14232,14232,68018,10095,10095,147514
09/03/2021-02:20:39,298,298,18842,14232,14232,68085,10095,10095,147715
09/03/2021-02:21:39,298,298,18876,14232,14232,68179,10095,10095,147924
09/03/2021-02:22:39,298,298,18886,14256,14256,68275,10108,10108,148127
09/03/2021-02:23:39,298,298,18936,14268,14268,68398,10111,10111,148458
09/03/2021-02:24:39,298,298,18974,14270,14270,68470,10113,10113,148651
09/03/2021-02:25:40,298,298,18982,14280,14280,68547,10118,10118,148916
09/03/2021-02:26:40,298,298,19029,14293,14293,68621,10125,10125,149140
09/03/2021-02:27:40,299,299,19067,14293,14293,68661,10126,10126,149274
09/03/2021-02:28:40,299,299,19073,14293,14293,68699,10126,10126,149380
09/03/2021-02:29:40,299,299,19123,14299,14299,69137,10131,10131,149993
09/03/2021-02:30:40,300,300,19160,14299,14299,69137,10132,10132,150036
09/03/2021-02:31:40,300,300,19164,14332,14332,69548,10151,10151,150640
09/03/2021-02:32:40,300,300,19215,14347,14347,69633,10162,10162,150887
09/03/2021-02:33:40,301,301,19253,14461,14461,69711,10240,10240,151095
09/03/2021-02:34:40,301,301,19255,14479,14479,69827,10247,10247,151345
09/03/2021-02:35:40,301,301,19306,14499,14499,69898,10256,10256,151569
09/03/2021-02:36:40,301,301,19341,14555,14555,70180,10284,10284,151977
09/03/2021-02:37:40,301,301,19351,14598,14598,70239,10308,10308,152140
09/03/2021-02:38:40,301,301,19387,14608,14608,70298,10312,10312,152316
09/03/2021-02:39:40,301,301,19434,14608,14608,70559,10312,10312,152750
09/03/2021-02:40:40,303,303,19446,14610,14610,70664,10314,10314,153024
09/03/2021-02:41:40,303,303,19480,14610,14610,70664,10314,10314,153058
09/03/2021-02:42:41,303,303,19528,14613,14613,71023,10316,10316,153707
09/03/2021-02:43:41,303,303,19542,14617,14617,71054,10319,10319,153780
09/03/2021-02:44:41,303,303,19573,14625,14625,71396,10322,10322,154319
09/03/2021-02:45:41,303,303,19621,14678,14678,71481,10352,10352,154561
09/03/2021-02:46:41,305,305,19635,14678,14678,71519,10354,10354,154696
09/03/2021-02:47:41,305,305,19663,14678,14678,71581,10354,10354,154873
09/03/2021-02:48:41,305,305,19696,14678,14678,71694,10354,10354,155146
09/03/2021-02:49:41,305,305,19728,14678,14678,71775,10354,10354,155381
09/03/2021-02:50:41,305,305,19741,14678,14678,71841,10354,10354,155569
09/03/2021-02:51:41,305,305,19790,14678,14678,71908,10354,10354,155783
09/03/2021-02:52:41,306,306,19822,14678,14678,72014,10355,10355,156074
09/03/2021-02:53:41,306,306,19831,14679,14679,72105,10355,10355,156282
09/03/2021-02:54:41,306,306,19881,14679,14679,72169,10355,10355,156410
09/03/2021-02:55:41,306,306,19920,14679,14679,72446,10355,10355,156889
09/03/2021-02:56:41,306,306,19927,14680,14680,72607,10356,10356,157183
09/03/2021-02:57:41,306,306,19976,14680,14680,72679,10356,10356,157400
09/03/2021-02:58:41,306,306,20013,14681,14681,72792,10357,10357,157688
09/03/2021-02:59:42,306,306,20018,14681,14681,72846,10357,10357,157819
09/03/2021-03:00:42,306,306,20065,14681,14681,72974,10357,10357,158101
09/03/2021-03:01:42,308,308,20104,14682,14682,73098,10359,10359,158381
09/03/2021-03:02:42,308,308,20107,14682,14682,73195,10359,10359,158599
09/03/2021-03:03:42,308,308,20157,14684,14684,73284,10360,10360,158820
09/03/2021-03:04:42,309,309,20201,14685,14685,73373,10360,10360,159069
09/03/2021-03:05:42,309,309,20202,14711,14711,73443,10378,10378,159261
09/03/2021-03:06:42,309,309,20251,14711,14711,73456,10378,10378,159354
09/03/2021-03:07:42,309,309,20295,14711,14711,73848,10378,10378,159861
09/03/2021-03:08:42,309,309,20295,14715,14715,73918,10382,10382,160058
09/03/2021-03:09:42,309,309,20343,14753,14753,74206,10399,10399,160488
09/03/2021-03:10:42,309,309,20387,14759,14759,74286,10402,10402,160715
09/03/2021-03:11:42,309,309,20387,14834,14834,74382,10459,10459,160893
09/03/2021-03:12:42,309,309,20434,14866,14866,74492,10479,10479,161154
09/03/2021-03:13:42,309,309,20479,14883,14883,74545,10485,10485,161360
09/03/2021-03:14:42,309,309,20482,14926,14926,74647,10514,10514,161526
09/03/2021-03:15:42,309,309,20513,14929,14929,74712,10516,10516,161771
09/03/2021-03:16:43,309,309,20559,14948,14948,74776,10520,10520,161997
09/03/2021-03:17:43,310,310,20576,15007,15007,74919,10550,10550,162299
09/03/2021-03:18:43,310,310,20605,15038,15038,75026,10566,10566,162562
09/03/2021-03:19:43,310,310,20653,15038,15038,75042,10566,10566,162655
09/03/2021-03:20:43,310,310,20671,15038,15038,75386,10566,10566,163228
09/03/2021-03:21:43,310,310,20698,15043,15043,75447,10570,10570,163433
09/03/2021-03:22:43,310,310,20743,15043,15043,75447,10570,10570,163484
09/03/2021-03:23:43,310,310,20765,15053,15053,75821,10574,10574,164086
09/03/2021-03:24:43,310,310,20789,15053,15053,75853,10574,10574,164218
09/03/2021-03:25:43,310,310,20835,15124,15124,75979,10620,10620,164520
09/03/2021-03:26:43,310,310,20855,15161,15161,76051,10641,10641,164734
09/03/2021-03:27:43,310,310,20878,15168,15168,76079,10647,10647,164835
09/03/2021-03:28:43,310,310,20925,15168,15168,76410,10647,10647,165353
09/03/2021-03:29:43,311,311,20949,15168,15168,76487,10648,10648,165545
09/03/2021-03:30:43,311,311,20970,15169,15169,76610,10649,10649,165754
09/03/2021-03:31:43,311,311,21018,15169,15169,76688,10649,10649,165997
09/03/2021-03:32:43,311,311,21044,15169,15169,76779,10649,10649,166220
09/03/2021-03:33:43,311,311,21048,15169,15169,76858,10649,10649,166407
09/03/2021-03:34:44,311,311,21098,15169,15169,76907,10649,10649,166590
09/03/2021-03:35:44,311,311,21140,15169,15169,77014,10649,10649,166902
09/03/2021-03:36:44,311,311,21142,15169,15169,77097,10649,10649,167127
09/03/2021-03:37:44,311,311,21192,15171,15171,77206,10651,10651,167412
09/03/2021-03:38:44,311,311,21234,15171,15171,77206,10651,10651,167460
09/03/2021-03:39:44,311,311,21234,15171,15171,77567,10651,10651,167972
09/03/2021-03:40:44,311,311,21283,15171,15171,77722,10651,10651,168304
09/03/2021-03:41:44,311,311,21332,15171,15171,77791,10651,10651,168518
09/03/2021-03:42:44,311,311,21332,15172,15172,77895,10652,10652,168761
09/03/2021-03:43:44,311,311,21380,15173,15173,77958,10653,10653,168955
09/03/2021-03:44:44,311,311,21425,15173,15173,78081,10653,10653,169228
09/03/2021-03:45:44,311,311,21426,15176,15176,78211,10656,10656,169468
09/03/2021-03:46:44,311,311,21472,15176,15176,78319,10656,10656,169732
09/03/2021-03:47:44,311,311,21507,15176,15176,78394,10656,10656,169925
09/03/2021-03:48:44,311,311,21523,15180,15180,78481,10658,10658,170148
09/03/2021-03:49:44,311,311,21553,15181,15181,78564,10658,10658,170364
09/03/2021-03:50:44,311,311,21601,15182,15182,78692,10659,10659,170637
09/03/2021-03:51:44,312,312,21617,15203,15203,78780,10668,10668,170813
09/03/2021-03:52:45,312,312,21644,15246,15246,79085,10686,10686,171221
09/03/2021-03:53:45,312,312,21679,15273,15273,79183,10703,10703,171480
09/03/2021-03:54:45,312,312,21711,15277,15277,79252,10706,10706,171673
09/03/2021-03:55:45,312,312,21720,15283,15283,79298,10710,10710,171801
09/03/2021-03:56:45,312,312,21770,15332,15332,79432,10739,10739,172198
09/03/2021-03:57:45,313,313,21808,15404,15404,79538,10780,10780,172444
09/03/2021-03:58:45,313,313,21813,15427,15427,79640,10791,10791,172684
09/03/2021-03:59:45,313,313,21864,15439,15439,79718,10795,10795,172899
09/03/2021-04:00:45,314,314,21901,15439,15439,79718,10796,10796,172941
09/03/2021-04:01:45,314,314,21906,15450,15450,80139,10801,10801,173600
09/03/2021-04:02:45,314,314,21956,15451,15451,80197,10802,10802,173807
09/03/2021-04:03:45,314,314,21994,15467,15467,80276,10812,10812,174049
09/03/2021-04:04:45,314,314,21996,15489,15489,80382,10821,10821,174300
09/03/2021-04:05:45,314,314,22034,15489,15489,80404,10821,10821,174391
09/03/2021-04:06:45,314,314,22077,15489,15489,80721,10821,10821,174926
09/03/2021-04:07:45,314,314,22087,15500,15500,80786,10825,10825,175123
09/03/2021-04:08:45,314,314,22123,15508,15508,80807,10829,10829,175227
09/03/2021-04:09:46,314,314,22170,15508,15508,81125,10829,10829,175765
09/03/2021-04:10:46,315,315,22182,15515,15515,81147,10833,10833,175880
09/03/2021-04:11:46,315,315,22215,15515,15515,81239,10833,10833,176137
09/03/2021-04:12:46,315,315,22264,15515,15515,81318,10833,10833,176381
09/03/2021-04:13:46,315,315,22279,15515,15515,81393,10833,10833,176574
09/03/2021-04:14:46,315,315,22311,15515,15515,81449,10833,10833,176744
09/03/2021-04:15:46,315,315,22360,15515,15515,81547,10833,10833,177063
09/03/2021-04:16:46,315,315,22376,15515,15515,81620,10833,10833,177212
09/03/2021-04:17:46,315,315,22406,15515,15515,81733,10833,10833,177538
09/03/2021-04:18:46,315,315,22449,15515,15515,81748,10833,10833,177619
09/03/2021-04:19:46,315,315,22466,15516,15516,82103,10834,10834,178151
09/03/2021-04:20:46,315,315,22493,15517,15517,82175,10834,10834,178362
09/03/2021-04:21:46,315,315,22539,15517,15517,82275,10834,10834,178608
09/03/2021-04:22:46,315,315,22560,15518,15518,82396,10835,10835,178826
09/03/2021-04:23:46,315,315,22585,15518,15518,82480,10835,10835,179061
09/03/2021-04:24:46,315,315,22634,15518,15518,82534,10835,10835,179246
09/03/2021-04:25:46,316,316,22656,15520,15520,82725,10838,10838,179599
09/03/2021-04:26:47,316,316,22677,15520,15520,82840,10838,10838,179829
09/03/2021-04:27:47,316,316,22723,15520,15520,82917,10838,10838,180054
09/03/2021-04:28:47,317,317,22752,15521,15521,83027,10839,10839,180311
09/03/2021-04:29:47,317,317,22770,15523,15523,83091,10840,10840,180450
09/03/2021-04:30:47,317,317,22820,15529,15529,83180,10844,10844,180702
09/03/2021-04:31:47,317,317,22850,15568,15568,83333,10870,10870,181039
09/03/2021-04:32:47,317,317,22867,15569,15569,83352,10871,10871,181100
09/03/2021-04:33:47,317,317,22913,15600,15600,83634,10881,10881,181568
09/03/2021-04:34:47,318,318,22943,15611,15611,83698,10889,10889,181772
09/03/2021-04:35:47,318,318,22956,15612,15612,83958,10889,10889,182183
09/03/2021-04:36:47,318,318,23006,15674,15674,84039,10928,10928,182442
09/03/2021-04:37:47,320,320,23038,15674,15674,84076,10930,10930,182568
09/03/2021-04:38:47,320,320,23049,15683,15683,84160,10935,10935,182815
09/03/2021-04:39:47,320,320,23099,15713,15713,84252,10948,10948,183078
09/03/2021-04:40:47,320,320,23136,15733,15733,84295,10958,10958,183283
09/03/2021-04:41:47,320,320,23145,15752,15752,84401,10967,10967,183493
09/03/2021-04:42:47,320,320,23194,15754,15754,84458,10968,10968,183690
09/03/2021-04:43:47,321,321,23231,15755,15755,84531,10970,10970,183891
09/03/2021-04:44:47,321,321,23237,15758,15758,84872,10971,10971,184290
09/03/2021-04:45:48,321,321,23286,15787,15787,84980,10986,10986,184535
09/03/2021-04:46:48,322,322,23324,15787,15787,84982,10987,10987,184579
09/03/2021-04:47:48,322,322,23328,15799,15799,85319,10994,10994,185140
09/03/2021-04:48:48,322,322,23377,15801,15801,85391,10995,10995,185372
09/03/2021-04:49:48,322,322,23415,15801,15801,85424,10995,10995,185489
09/03/2021-04:50:48,322,322,23418,15801,15801,85819,10995,10995,185968
09/03/2021-04:51:48,322,322,23467,15819,15819,85878,11005,11005,186145
09/03/2021-04:52:48,322,322,23509,15823,15823,86173,11008,11008,186628
09/03/2021-04:53:48,322,322,23510,15834,15834,86231,11015,11015,186764
09/03/2021-04:54:48,322,322,23553,15891,15891,86332,11047,11047,187030
09/03/2021-04:55:48,322,322,23591,15907,15907,86435,11053,11053,187312
09/03/2021-04:56:48,323,323,23603,15915,15915,86475,11058,11058,187431
09/03/2021-04:57:48,323,323,23635,15915,15915,86552,11058,11058,187652
09/03/2021-04:58:48,323,323,23682,15915,15915,86666,11058,11058,187933
09/03/2021-04:59:48,323,323,23697,15915,15915,86748,11058,11058,188144
09/03/2021-05:00:48,323,323,23729,15915,15915,86810,11058,11058,188315
09/03/2021-05:01:48,323,323,23777,15915,15915,86917,11058,11058,188628
09/03/2021-05:02:48,323,323,23790,15915,15915,86983,11058,11058,188783
09/03/2021-05:03:49,323,323,23815,15915,15915,87098,11058,11058,189097
09/03/2021-05:04:49,323,323,23854,15916,15916,87118,11058,11058,189179
09/03/2021-05:05:49,323,323,23884,15916,15916,87442,11058,11058,189723
09/03/2021-05:06:49,323,323,23897,15916,15916,87516,11058,11058,189922
09/03/2021-05:07:49,323,323,23945,15916,15916,87628,11058,11058,190169
09/03/2021-05:08:49,324,324,23979,15917,15917,87766,11060,11060,190503
09/03/2021-05:09:49,324,324,23989,15920,15920,87820,11062,11062,190626
09/03/2021-05:10:49,324,324,24038,15920,15920,87980,11062,11062,190970
09/03/2021-05:11:49,324,324,24075,15923,15923,88105,11064,11064,191257
09/03/2021-05:12:49,324,324,24084,15923,15923,88194,11064,11064,191484
09/03/2021-05:13:49,324,324,24135,15923,15923,88277,11064,11064,191680
09/03/2021-05:14:49,324,324,24175,15923,15923,88369,11064,11064,191946
09/03/2021-05:15:49,324,324,24181,15924,15924,88451,11064,11064,192143
09/03/2021-05:16:49,324,324,24216,15924,15924,88591,11064,11064,192420
09/03/2021-05:17:49,324,324,24263,15932,15932,88713,11068,11068,192695
09/03/2021-05:18:49,325,325,24268,16123,16123,88780,11201,11201,192865
09/03/2021-05:19:49,325,325,24309,16133,16133,88855,11204,11204,193089
09/03/2021-05:20:49,325,325,24355,16138,16138,88930,11208,11208,193358
09/03/2021-05:21:50,325,325,24363,16138,16138,88930,11208,11208,193366
09/03/2021-05:22:50,325,325,24402,16182,16182,89324,11233,11233,193952
09/03/2021-05:23:50,325,325,24449,16184,16184,89394,11234,11234,194167
09/03/2021-05:24:50,325,325,24457,16184,16184,89498,11234,11234,194322
09/03/2021-05:25:50,325,325,24494,16185,16185,89742,11235,11235,194874
09/03/2021-05:26:50,325,325,24539,16188,16188,89778,11237,11237,195034
09/03/2021-05:27:50,326,326,24549,16188,16188,90078,11238,11238,195514
09/03/2021-05:28:50,326,326,24581,16241,16241,90210,11268,11268,195785
09/03/2021-05:29:50,326,326,24627,16389,16389,90268,11376,11376,195976
09/03/2021-05:30:50,327,327,24641,16391,16391,90386,11379,11379,196247
09/03/2021-05:31:50,327,327,24672,16399,16399,90468,11381,11381,196495
09/03/2021-05:32:50,327,327,24719,16399,16399,90468,11381,11381,196545
09/03/2021-05:33:50,327,327,24737,16402,16402,90823,11382,11382,197117
09/03/2021-05:34:50,327,327,24766,16403,16403,90874,11383,11383,197295
09/03/2021-05:35:50,327,327,24812,16403,16403,90910,11383,11383,197386
09/03/2021-05:36:50,327,327,24831,16405,16405,91228,11384,11384,197985
09/03/2021-05:37:51,327,327,24855,16405,16405,91231,11384,11384,198021
09/03/2021-05:38:51,327,327,24904,16405,16405,91593,11384,11384,198602
09/03/2021-05:39:51,327,327,24927,16405,16405,91641,11384,11384,198756
09/03/2021-05:40:51,327,327,24950,16405,16405,91709,11384,11384,198923
09/03/2021-05:41:51,327,327,25000,16405,16405,91823,11384,11384,199219
09/03/2021-05:42:51,327,327,25025,16405,16405,91899,11384,11384,199437
09/03/2021-05:43:51,327,327,25046,16405,16405,91958,11384,11384,199637
09/03/2021-05:44:51,327,327,25090,16405,16405,92060,11384,11384,199894
09/03/2021-05:45:51,327,327,25116,16405,16405,92135,11384,11384,200158
09/03/2021-05:46:51,327,327,25135,16405,16405,92220,11384,11384,200362
09/03/2021-05:47:51,327,327,25182,16405,16405,92481,11384,11384,200770
09/03/2021-05:48:51,327,327,25210,16405,16405,92603,11384,11384,201057
09/03/2021-05:49:51,327,327,25212,16405,16405,92721,11384,11384,201243
09/03/2021-05:50:51,327,327,25258,16405,16405,92836,11384,11384,201548
09/03/2021-05:51:51,328,328,25302,16406,16406,92941,11385,11385,201829
09/03/2021-05:52:51,328,328,25302,16407,16407,93001,11386,11386,201979
09/03/2021-05:53:51,328,328,25350,16407,16407,93160,11386,11386,202279
09/03/2021-05:54:52,328,328,25398,16409,16409,93252,11387,11387,202552
09/03/2021-05:55:52,328,328,25398,16409,16409,93352,11387,11387,202764
09/03/2021-05:56:52,328,328,25445,16412,16412,93442,11390,11390,202992
09/03/2021-05:57:52,330,330,25490,16413,16413,93526,11391,11391,203254
09/03/2021-05:58:52,330,330,25491,16415,16415,93604,11392,11392,203461
09/03/2021-05:59:52,330,330,25536,16415,16415,93741,11392,11392,203724
09/03/2021-06:00:52,330,330,25581,16417,16417,93845,11394,11394,204005
09/03/2021-06:01:52,331,331,25584,16467,16467,93917,11434,11434,204144
09/03/2021-06:02:52,331,331,25615,16549,16549,93947,11471,11471,204251
09/03/2021-06:03:52,331,331,25657,16549,16549,94286,11471,11471,204856
09/03/2021-06:04:52,331,331,25676,16549,16549,94286,11471,11471,204877
09/03/2021-06:05:52,331,331,25702,16605,16605,94640,11497,11497,205447
09/03/2021-06:06:52,331,331,25751,16625,16625,94763,11506,11506,205741
09/03/2021-06:07:52,331,331,25771,16636,16636,94765,11513,11513,205781
09/03/2021-06:08:52,331,331,25795,16660,16660,95064,11521,11521,206280
09/03/2021-06:09:52,331,331,25843,16660,16660,95139,11521,11521,206559
09/03/2021-06:10:52,331,331,25866,16674,16674,95213,11528,11528,206806
09/03/2021-06:11:52,331,331,25878,16688,16688,95287,11537,11537,207018
09/03/2021-06:12:52,331,331,25919,16699,16699,95370,11541,11541,207289
09/03/2021-06:13:53,331,331,25957,16699,16699,95370,11541,11541,207332
09/03/2021-06:14:53,331,331,25962,16700,16700,95688,11541,11541,207845
09/03/2021-06:15:53,331,331,26012,16708,16708,95766,11543,11543,208105
09/03/2021-06:16:53,331,331,26047,16708,16708,95766,11543,11543,208150
09/03/2021-06:17:53,331,331,26049,16708,16708,96117,11543,11543,208767
09/03/2021-06:18:53,331,331,26098,16714,16714,96180,11544,11544,208969
09/03/2021-06:19:53,331,331,26139,16719,16719,96292,11547,11547,209277
09/03/2021-06:20:53,331,331,26139,16719,16719,96363,11547,11547,209479
09/03/2021-06:21:53,331,331,26189,16719,16719,96379,11547,11547,209582
09/03/2021-06:22:53,332,332,26235,16730,16730,96652,11556,11556,210063
09/03/2021-06:23:53,333,333,26235,16730,16730,96716,11556,11556,210205
09/03/2021-06:24:53,333,333,26281,16730,16730,96828,11556,11556,210501
09/03/2021-06:25:53,333,333,26326,16730,16730,96883,11556,11556,210698
09/03/2021-06:26:53,334,334,26328,16730,16730,96972,11557,11557,210918
09/03/2021-06:27:53,334,334,26372,16730,16730,97051,11557,11557,211160
09/03/2021-06:28:53,334,334,26416,16730,16730,97142,11557,11557,211415
09/03/2021-06:29:53,334,334,26420,16730,16730,97185,11557,11557,211583
09/03/2021-06:30:54,334,334,26457,16730,16730,97263,11557,11557,211790
09/03/2021-06:31:54,334,334,26492,16730,16730,97582,11557,11557,212277
09/03/2021-06:32:54,334,334,26512,16730,16730,97654,11557,11557,212478
09/03/2021-06:33:54,334,334,26537,16730,16730,97763,11557,11557,212680
09/03/2021-06:34:54,334,334,26581,16730,16730,97895,11557,11557,213016
09/03/2021-06:35:54,335,335,26604,16732,16732,97977,11560,11560,213256
09/03/2021-06:36:54,335,335,26626,16732,16732,98027,11560,11560,213416
09/03/2021-06:37:54,335,335,26675,16732,16732,98190,11560,11560,213747
09/03/2021-06:38:54,335,335,26699,16734,16734,98287,11560,11560,214004
09/03/2021-06:39:54,335,335,26718,16736,16736,98353,11561,11561,214198
09/03/2021-06:40:54,335,335,26764,16736,16736,98440,11561,11561,214430
09/03/2021-06:41:54,335,335,26793,16736,16736,98535,11561,11561,214673
09/03/2021-06:42:54,335,335,26810,16736,16736,98612,11561,11561,214896
09/03/2021-06:43:54,335,335,26858,16737,16737,98751,11561,11561,215165
09/03/2021-06:44:54,335,335,26885,16737,16737,98863,11561,11561,215433
09/03/2021-06:45:54,335,335,26898,16738,16738,98942,11562,11562,215596
09/03/2021-06:46:54,335,335,26946,16758,16758,98979,11573,11573,215742
09/03/2021-06:47:54,336,336,26976,16766,16766,99317,11578,11578,216283
09/03/2021-06:48:54,336,336,26987,16772,16772,99372,11578,11578,216446
09/03/2021-06:49:55,336,336,27036,16783,16783,99653,11586,11586,216893
09/03/2021-06:50:55,337,337,27069,16786,16786,99723,11589,11589,217108
09/03/2021-06:51:55,337,337,27077,16800,16800,99765,11598,11598,217207
09/03/2021-06:52:55,337,337,27112,16842,16842,99852,11631,11631,217528
09/03/2021-06:53:55,337,337,27158,16843,16843,99910,11631,11631,217759
09/03/2021-06:54:55,338,338,27163,16875,16875,100015,11654,11654,217985
09/03/2021-06:55:55,338,338,27202,16880,16880,100101,11657,11657,218263
09/03/2021-06:56:55,338,338,27250,16880,16880,100128,11657,11657,218410
09/03/2021-06:57:55,340,340,27257,16886,16886,100207,11661,11661,218634
09/03/2021-06:58:55,340,340,27295,16888,16888,100316,11663,11663,218927
09/03/2021-06:59:55,340,340,27341,16900,16900,100351,11669,11669,219059
09/03/2021-07:00:55,340,340,27352,16907,16907,100643,11672,11672,219521
09/03/2021-07:01:55,340,340,27387,16907,16907,100709,11672,11672,219763
09/03/2021-07:02:55,340,340,27432,16934,16934,100771,11686,11686,219942
09/03/2021-07:03:55,340,340,27445,16934,16934,100832,11686,11686,220223
09/03/2021-07:04:55,340,340,27477,16934,16934,100920,11686,11686,220485
09/03/2021-07:05:56,340,340,27523,16974,16974,100975,11706,11706,220642
09/03/2021-07:06:56,340,340,27539,16979,16979,101374,11707,11707,221106
09/03/2021-07:07:56,340,340,27569,16979,16979,101479,11707,11707,221374
09/03/2021-07:08:56,340,340,27614,16986,16986,101539,11713,11713,221565
09/03/2021-07:09:56,340,340,27631,16989,16989,101613,11715,11715,221769
09/03/2021-07:10:56,340,340,27659,16989,16989,101646,11715,11715,221894
09/03/2021-07:11:56,340,340,27707,16989,16989,101714,11715,11715,222110
09/03/2021-07:12:56,340,340,27726,16989,16989,101804,11715,11715,222324
09/03/2021-07:13:56,340,340,27753,16989,16989,101886,11715,11715,222597
09/03/2021-07:14:56,340,340,27798,16989,16989,101944,11715,11715,222827
09/03/2021-07:15:56,340,340,27819,16989,16989,102009,11715,11715,223014
09/03/2021-07:16:56,340,340,27844,16989,16989,102109,11715,11715,223296
09/03/2021-07:17:56,340,340,27890,16990,16990,102210,11716,11716,223555
09/03/2021-07:18:56,340,340,27912,16990,16990,102210,11716,11716,223580
09/03/2021-07:19:56,340,340,27934,16990,16990,102550,11716,11716,224112
09/03/2021-07:20:56,340,340,27979,16990,16990,102712,11716,11716,224457
09/03/2021-07:21:56,340,340,28002,16990,16990,102782,11716,11716,224644
09/03/2021-07:22:56,340,340,28021,16990,16990,102906,11716,11716,224936
09/03/2021-07:23:56,340,340,28069,16990,16990,102965,11716,11716,225130
09/03/2021-07:24:57,340,340,28098,16990,16990,103085,11716,11716,225385
09/03/2021-07:25:57,340,340,28116,16992,16992,103212,11716,11716,225657
09/03/2021-07:26:57,340,340,28164,16994,16994,103316,11717,11717,225928
09/03/2021-07:27:57,340,340,28189,16994,16994,103402,11717,11717,226144
09/03/2021-07:28:57,340,340,28204,16995,16995,103486,11717,11717,226368
09/03/2021-07:29:57,340,340,28251,16995,16995,103567,11717,11717,226620
09/03/2021-07:30:57,340,340,28285,16996,16996,103715,11718,11718,226902
09/03/2021-07:31:57,340,340,28298,16996,16996,103819,11718,11718,227140
09/03/2021-07:32:57,340,340,28347,16996,16996,103901,11718,11718,227378
09/03/2021-07:33:57,340,340,28380,16997,16997,103956,11719,11719,227535
09/03/2021-07:34:57,340,340,28390,16997,16997,104233,11719,11719,227965
09/03/2021-07:35:57,340,340,28437,17000,17000,104306,11721,11721,228198
09/03/2021-07:36:57,340,340,28475,17004,17004,104426,11721,11721,228508
09/03/2021-07:37:57,340,340,28482,17026,17026,104560,11737,11737,228718
09/03/2021-07:38:57,340,340,28529,17047,17047,104654,11747,11747,229030
09/03/2021-07:39:57,340,340,28569,17066,17066,104779,11756,11756,229302
09/03/2021-07:40:57,340,340,28574,17083,17083,104873,11764,11764,229498
09/03/2021-07:41:57,340,340,28622,17084,17084,104958,11764,11764,229838
09/03/2021-07:42:58,340,340,28662,17085,17085,105043,11764,11764,230124
09/03/2021-07:43:58,340,340,28665,17097,17097,105143,11768,11768,230345
09/03/2021-07:44:58,340,340,28714,17109,17109,105187,11771,11771,230518
09/03/2021-07:45:58,341,341,28749,17201,17201,105252,11841,11841,230739
09/03/2021-07:46:58,341,341,28749,17203,17203,105318,11841,11841,230938
09/03/2021-07:47:58,341,341,28797,17204,17204,105413,11842,11842,231220
09/03/2021-07:48:58,341,341,28840,17204,17204,105482,11842,11842,231450
09/03/2021-07:49:58,341,341,28840,17205,17205,105571,11842,11842,231742
09/03/2021-07:50:58,341,341,28887,17212,17212,105637,11846,11846,231944
09/03/2021-07:51:58,341,341,28929,17219,17219,105690,11850,11850,232156
09/03/2021-07:52:58,341,341,28930,17219,17219,105787,11850,11850,232383
09/03/2021-07:53:58,341,341,28976,17219,17219,105870,11850,11850,232622
09/03/2021-07:54:58,341,341,29021,17219,17219,105955,11850,11850,232876
09/03/2021-07:55:58,341,341,29024,17220,17220,105995,11850,11850,232995
09/03/2021-07:56:58,341,341,29055,17220,17220,106092,11850,11850,233298
09/03/2021-07:57:58,341,341,29104,17220,17220,106185,11850,11850,233560
