06/03/2021-09:41:58,0,0,0,0,0,0,0,0,0
06/03/2021-09:42:58,45,45,0,0,0,0,41,41,4
06/03/2021-09:43:58,97,97,0,499,499,0,506,506,89
06/03/2021-09:44:58,100,100,0,701,701,0,702,702,97
06/03/2021-09:45:58,100,100,43,1138,1138,0,1109,1109,166
06/03/2021-09:46:58,101,101,91,1456,1456,0,1385,1385,253
06/03/2021-09:47:58,101,101,93,1609,1609,35,1518,1518,318
06/03/2021-09:48:58,101,101,139,1851,1851,68,1722,1722,439
06/03/2021-09:49:58,101,101,186,1912,1912,85,1769,1769,533
06/03/2021-09:50:58,101,101,187,1997,1997,390,1839,1839,892
06/03/2021-09:51:58,101,101,231,2315,2315,416,2117,2117,1015
06/03/2021-09:52:58,101,101,276,2389,2389,453,2175,2175,1137
06/03/2021-09:53:58,101,101,277,2389,2389,453,2175,2175,1138
06/03/2021-09:54:58,101,101,322,2954,2954,492,2649,2649,1337
06/03/2021-09:55:58,101,101,354,2954,2954,664,2649,2649,1595
06/03/2021-09:56:58,102,102,370,3076,3076,849,2745,2745,1902
06/03/2021-09:57:58,102,102,399,3221,3221,878,2853,2853,2004
06/03/2021-09:58:59,102,102,442,3221,3221,1166,2853,2853,2472
06/03/2021-09:59:59,102,102,459,3315,3315,1228,2920,2920,2603
06/03/2021-10:00:59,102,102,489,3476,3476,1234,3046,3046,2667
06/03/2021-10:01:59,102,102,537,3760,3760,1264,3262,3262,2825
06/03/2021-10:02:59,102,102,555,3915,3915,1335,3390,3390,2967
06/03/2021-10:03:59,102,102,583,4100,4100,1362,3542,3542,3059
06/03/2021-10:04:59,102,102,631,4281,4281,1424,3687,3687,3258
06/03/2021-10:05:59,102,102,649,4281,4281,1520,3687,3687,3419
06/03/2021-10:06:59,102,102,663,4290,4290,1584,3694,3694,3564
06/03/2021-10:07:59,102,102,711,4305,4305,1648,3704,3704,3762
06/03/2021-10:08:59,102,102,744,4618,4618,1660,3949,3949,3875
06/03/2021-10:09:59,102,102,756,4636,4636,1758,3964,3964,4064
06/03/2021-10:10:59,102,102,805,4800,4800,1799,4088,4088,4233
06/03/2021-10:11:59,102,102,840,4801,4801,1880,4089,4089,4450
06/03/2021-10:12:59,102,102,851,4830,4830,1940,4108,4108,4578
06/03/2021-10:13:59,102,102,898,4831,4831,1994,4109,4109,4710
06/03/2021-10:14:59,102,102,933,4860,4860,2124,4133,4133,4954
06/03/2021-10:15:59,102,102,944,4936,4936,2153,4192,4192,5040
06/03/2021-10:17:00,102,102,989,4950,4950,2208,4198,4198,5228
06/03/2021-10:18:00,102,102,1023,5024,5024,2275,4249,4249,5403
06/03/2021-10:19:00,102,102,1032,5215,5215,2293,4376,4376,5518
06/03/2021-10:20:00,102,102,1081,5393,5393,2346,4529,4529,5696
06/03/2021-10:21:00,103,103,1115,5473,5473,2417,4578,4578,5878
06/03/2021-10:22:00,103,103,1123,5607,5607,2458,4659,4659,6013
06/03/2021-10:23:00,103,103,1171,5624,5624,2576,4670,4670,6270
06/03/2021-10:24:00,103,103,1209,5648,5648,2638,4684,4684,6444
06/03/2021-10:25:00,103,103,1217,5654,5654,2733,4688,4688,6655
06/03/2021-10:26:00,103,103,1265,5654,5654,2791,4688,4688,6830
06/03/2021-10:27:00,103,103,1299,5654,5654,2819,4688,4688,6922
06/03/2021-10:28:00,103,103,1307,5654,5654,2893,4688,4688,7056
06/03/2021-10:29:00,103,103,1355,5660,5660,3181,4693,4693,7527
06/03/2021-10:30:00,103,103,1392,5660,5660,3277,4693,4693,7784
06/03/2021-10:31:00,103,103,1398,5700,5700,3339,4710,4710,7917
06/03/2021-10:32:00,103,103,1447,5700,5700,3349,4710,4710,7986
06/03/2021-10:33:00,103,103,1487,6168,6168,3406,5063,5063,8214
06/03/2021-10:34:01,103,103,1491,6169,6169,3475,5064,5064,8347
06/03/2021-10:35:01,103,103,1541,6169,6169,3475,5064,5064,8398
06/03/2021-10:36:01,103,103,1581,6171,6171,3893,5066,5066,8935
06/03/2021-10:37:01,103,103,1583,6171,6171,4001,5066,5066,9114
06/03/2021-10:38:01,103,103,1632,6171,6171,4102,5066,5066,9361
06/03/2021-10:39:01,103,103,1673,6304,6304,4133,5155,5155,9492
06/03/2021-10:40:01,103,103,1674,6308,6308,4214,5158,5158,9687
06/03/2021-10:41:01,103,103,1723,6308,6308,4315,5158,5158,9935
06/03/2021-10:42:02,104,104,1762,6310,6310,4371,5161,5161,10109
06/03/2021-10:43:02,104,104,1762,6310,6310,4461,5161,5161,10294
06/03/2021-10:44:02,104,104,1797,6310,6310,4521,5161,5161,10490
06/03/2021-10:45:02,104,104,1843,6310,6310,4570,5161,5161,10687
06/03/2021-10:46:02,104,104,1856,6310,6310,4605,5161,5161,10774
06/03/2021-10:47:02,104,104,1888,6311,6311,4696,5162,5162,11011
06/03/2021-10:48:02,104,104,1935,6338,6338,4780,5178,5178,11263
06/03/2021-10:49:02,104,104,1948,6339,6339,4820,5179,5179,11364
06/03/2021-10:50:02,104,104,1980,6347,6347,4959,5186,5186,11618
06/03/2021-10:51:02,104,104,2028,6348,6348,5030,5187,5187,11802
06/03/2021-10:52:02,104,104,2042,6348,6348,5084,5187,5187,11942
06/03/2021-10:53:02,104,104,2058,6409,6409,5160,5224,5224,12151
06/03/2021-10:54:02,104,104,2105,6409,6409,5236,5224,5224,12366
06/03/2021-10:55:02,104,104,2134,6411,6411,5326,5225,5225,12592
06/03/2021-10:56:02,104,104,2148,6416,6416,5406,5229,5229,12803
06/03/2021-10:57:03,104,104,2195,6416,6416,5441,5229,5229,12951
06/03/2021-10:58:03,104,104,2228,6417,6417,5512,5230,5230,13153
06/03/2021-10:59:03,104,104,2239,6418,6418,5583,5231,5231,13299
06/03/2021-11:00:03,104,104,2285,6418,6418,5616,5231,5231,13422
06/03/2021-11:01:03,104,104,2315,6420,6420,5950,5233,5233,13958
06/03/2021-11:02:03,104,104,2325,6421,6421,6058,5234,5234,14133
06/03/2021-11:03:03,104,104,2371,6521,6521,6099,5315,5315,14268
06/03/2021-11:04:03,104,104,2401,6523,6523,6395,5317,5317,14637
06/03/2021-11:05:03,104,104,2409,6523,6523,6474,5317,5317,14801
06/03/2021-11:06:03,104,104,2456,6526,6526,6518,5320,5320,14951
06/03/2021-11:07:03,104,104,2495,6527,6527,6574,5320,5320,15095
06/03/2021-11:08:03,104,104,2501,6529,6529,6657,5322,5322,15292
06/03/2021-11:09:03,104,104,2550,6529,6529,6757,5322,5322,15532
06/03/2021-11:10:03,104,104,2587,6548,6548,6855,5331,5331,15802
06/03/2021-11:11:03,104,104,2592,6553,6553,6959,5336,5336,16003
06/03/2021-11:12:03,104,104,2641,6559,6559,7028,5340,5340,16221
06/03/2021-11:13:03,105,105,2683,6639,6639,7080,5378,5378,16430
06/03/2021-11:14:03,105,105,2685,6640,6640,7189,5379,5379,16656
06/03/2021-11:15:03,105,105,2733,6652,6652,7255,5386,5386,16839
06/03/2021-11:16:04,106,106,2774,6653,6653,7358,5388,5388,17133
06/03/2021-11:17:04,106,106,2774,6653,6653,7389,5388,5388,17199
06/03/2021-11:18:04,106,106,2824,6653,6653,7401,5388,5388,17277
06/03/2021-11:19:04,106,106,2868,6653,6653,7754,5388,5388,17833
06/03/2021-11:20:04,106,106,2868,6654,6654,7875,5389,5389,18022
06/03/2021-11:21:04,106,106,2913,6658,6658,8007,5392,5392,18312
06/03/2021-11:22:04,107,107,2955,6659,6659,8089,5392,5392,18524
06/03/2021-11:23:04,107,107,2956,6659,6659,8260,5392,5392,18756
06/03/2021-11:24:04,107,107,3002,6661,6661,8469,5393,5393,19146
06/03/2021-11:25:04,108,108,3045,6666,6666,8515,5396,5396,19308
06/03/2021-11:26:04,108,108,3048,6666,6666,8805,5396,5396,19743
06/03/2021-11:27:04,108,108,3089,6667,6667,8887,5397,5397,19972
06/03/2021-11:28:04,108,108,3133,6667,6667,8958,5397,5397,20196
06/03/2021-11:29:04,108,108,3135,6667,6667,8961,5397,5397,20203
06/03/2021-11:30:05,108,108,3178,6669,6669,9403,5399,5399,20838
06/03/2021-11:31:05,108,108,3221,6669,6669,9415,5399,5399,20915
06/03/2021-11:32:05,108,108,3226,6671,6671,9749,5399,5399,21447
06/03/2021-11:33:05,108,108,3267,6676,6676,9822,5402,5402,21677
06/03/2021-11:34:05,108,108,3312,6676,6676,9879,5402,5402,21841
06/03/2021-11:35:05,108,108,3320,6677,6677,9986,5403,5403,22093
06/03/2021-11:36:05,108,108,3358,6678,6678,10028,5403,5403,22249
06/03/2021-11:37:05,108,108,3406,6679,6679,10139,5403,5403,22555
06/03/2021-11:38:05,108,108,3413,6679,6679,10189,5403,5403,22659
06/03/2021-11:39:05,108,108,3449,6682,6682,10279,5406,5406,22892
06/03/2021-11:40:05,108,108,3495,6682,6682,10279,5406,5406,22942
06/03/2021-11:41:05,109,109,3508,6689,6689,10586,5414,5414,23404
06/03/2021-11:42:05,109,109,3541,6690,6690,10654,5415,5415,23582
06/03/2021-11:43:05,109,109,3586,6691,6691,10715,5416,5416,23763
06/03/2021-11:44:05,110,110,3599,6693,6693,10730,5418,5418,23818
06/03/2021-11:45:05,110,110,3629,6698,6698,11075,5422,5422,24340
06/03/2021-11:46:05,110,110,3674,6700,6700,11175,5424,5424,24602
06/03/2021-11:47:06,110,110,3689,6704,6704,11290,5426,5426,24799
06/03/2021-11:48:06,110,110,3718,6707,6707,11370,5429,5429,25014
06/03/2021-11:49:06,110,110,3762,6707,6707,11450,5429,5429,25249
06/03/2021-11:50:06,111,111,3781,6720,6720,11557,5437,5437,25465
06/03/2021-11:51:06,111,111,3805,6736,6736,11636,5445,5445,25672
06/03/2021-11:52:06,111,111,3847,6738,6738,11748,5446,5446,25908
06/03/2021-11:53:06,111,111,3863,6745,6745,11807,5450,5450,26081
06/03/2021-11:54:06,111,111,3888,6745,6745,11902,5450,5450,26299
06/03/2021-11:55:06,111,111,3916,6747,6747,11988,5451,5451,26522
06/03/2021-11:56:06,111,111,3952,6747,6747,12016,5451,5451,26609
06/03/2021-11:57:06,111,111,3961,6748,6748,12144,5452,5452,26869
06/03/2021-11:58:06,111,111,4009,6750,6750,12189,5454,5454,27020
06/03/2021-11:59:06,112,112,4039,6750,6750,12557,5455,5455,27522
06/03/2021-12:00:06,112,112,4047,6750,6750,12583,5455,5455,27579
06/03/2021-12:01:06,112,112,4096,6751,6751,12905,5455,5455,28126
06/03/2021-12:02:06,112,112,4134,6756,6756,12943,5457,5457,28252
06/03/2021-12:03:06,112,112,4139,6761,6761,13254,5459,5459,28729
06/03/2021-12:04:07,112,112,4172,6765,6765,13314,5461,5461,28904
06/03/2021-12:05:07,112,112,4215,6765,6765,13395,5461,5461,29131
06/03/2021-12:06:07,112,112,4225,6786,6786,13489,5480,5480,29389
06/03/2021-12:07:07,112,112,4262,6787,6787,13491,5481,5481,29464
06/03/2021-12:08:07,112,112,4304,6794,6794,13813,5485,5485,30022
06/03/2021-12:09:07,112,112,4313,6799,6799,13837,5488,5488,30078
06/03/2021-12:10:07,112,112,4346,6799,6799,14154,5488,5488,30623
06/03/2021-12:11:07,112,112,4392,6799,6799,14236,5488,5488,30818
06/03/2021-12:12:07,112,112,4403,6800,6800,14305,5488,5488,31010
06/03/2021-12:13:07,112,112,4435,6802,6802,14381,5490,5490,31227
06/03/2021-12:14:07,112,112,4477,6811,6811,14483,5495,5495,31441
06/03/2021-12:15:07,112,112,4493,6817,6817,14570,5499,5499,31670
06/03/2021-12:16:07,112,112,4523,6822,6822,14693,5501,5501,31900
06/03/2021-12:17:07,112,112,4566,6822,6822,14735,5501,5501,32024
06/03/2021-12:18:07,112,112,4583,6825,6825,14793,5503,5503,32171
06/03/2021-12:19:07,112,112,4611,6827,6827,14903,5503,5503,32431
06/03/2021-12:20:07,112,112,4653,6859,6859,14958,5529,5529,32727
06/03/2021-12:21:08,113,113,4674,6860,6860,15045,5531,5531,32926
06/03/2021-12:22:08,113,113,4698,6865,6865,15151,5535,5535,33151
06/03/2021-12:23:08,113,113,4744,6867,6867,15237,5537,5537,33412
06/03/2021-12:24:08,113,113,4768,6867,6867,15278,5537,5537,33506
06/03/2021-12:25:08,113,113,4788,6869,6869,15422,5539,5539,33830
06/03/2021-12:26:08,113,113,4835,6871,6871,15491,5541,5541,34030
06/03/2021-12:27:08,113,113,4860,6872,6872,15608,5541,5541,34272
06/03/2021-12:28:08,113,113,4879,6875,6875,15694,5544,5544,34489
06/03/2021-12:29:08,113,113,4926,6878,6878,15813,5547,5547,34736
06/03/2021-12:30:08,113,113,4950,6884,6884,15882,5551,5551,34945
06/03/2021-12:31:08,113,113,4966,6886,6886,15960,5552,5552,35124
06/03/2021-12:32:08,113,113,5013,6892,6892,16044,5556,5556,35361
06/03/2021-12:33:08,113,113,5043,6892,6892,16087,5556,5556,35487
06/03/2021-12:34:08,113,113,5058,6892,6892,16144,5556,5556,35620
06/03/2021-12:35:08,113,113,5106,6897,6897,16462,5559,5559,36136
06/03/2021-12:36:08,113,113,5136,6897,6897,16527,5559,5559,36337
06/03/2021-12:37:08,113,113,5136,6902,6902,16682,5562,5562,36562
06/03/2021-12:38:09,113,113,5182,6906,6906,16778,5564,5564,36809
06/03/2021-12:39:09,113,113,5230,6913,6913,16921,5571,5571,37090
06/03/2021-12:40:09,113,113,5230,6914,6914,16997,5572,5572,37249
06/03/2021-12:41:09,113,113,5276,6914,6914,16997,5572,5572,37297
06/03/2021-12:42:09,113,113,5310,6915,6915,17425,5573,5573,37884
06/03/2021-12:43:09,113,113,5324,6916,6916,17473,5573,5573,38023
06/03/2021-12:44:09,113,113,5355,6921,6921,17607,5578,5578,38369
06/03/2021-12:45:09,113,113,5398,6929,6929,17683,5583,5583,38606
06/03/2021-12:46:09,113,113,5415,6938,6938,17762,5591,5591,38806
06/03/2021-12:47:09,113,113,5444,6938,6938,17851,5591,5591,39022
06/03/2021-12:48:09,113,113,5490,6943,6943,17886,5596,5596,39166
06/03/2021-12:49:09,113,113,5509,6943,6943,18125,5596,5596,39532
06/03/2021-12:50:09,113,113,5537,6944,6944,18271,5597,5597,39829
06/03/2021-12:51:09,113,113,5582,6944,6944,18382,5597,5597,40072
06/03/2021-12:52:09,113,113,5600,6944,6944,18434,5597,5597,40246
06/03/2021-12:53:09,113,113,5625,6947,6947,18483,5599,5599,40365
06/03/2021-12:54:09,113,113,5674,6947,6947,18589,5599,5599,40635
06/03/2021-12:55:09,113,113,5692,6947,6947,18656,5599,5599,40790
06/03/2021-12:56:10,113,113,5715,7035,7035,18737,5665,5665,40943
06/03/2021-12:57:10,113,113,5762,7040,7040,18837,5669,5669,41243
06/03/2021-12:58:10,113,113,5785,7055,7055,18878,5680,5680,41479
06/03/2021-12:59:10,113,113,5805,7074,7074,18956,5691,5691,41656
06/03/2021-13:00:10,113,113,5850,7074,7074,18956,5691,5691,41706
06/03/2021-13:01:10,113,113,5874,7075,7075,19361,5691,5691,42280
06/03/2021-13:02:10,113,113,5892,7075,7075,19410,5691,5691,42417
06/03/2021-13:03:10,113,113,5927,7075,7075,19410,5691,5691,42453
06/03/2021-13:04:10,114,114,5967,7078,7078,19810,5695,5695,43056
06/03/2021-13:05:10,114,114,5967,7079,7079,19909,5695,5695,43242
06/03/2021-13:06:10,114,114,6016,7080,7080,20004,5696,5696,43510
06/03/2021-13:07:10,114,114,6062,7086,7086,20044,5702,5702,43662
06/03/2021-13:08:10,114,114,6062,7091,7091,20165,5704,5704,43938
06/03/2021-13:09:10,114,114,6109,7092,7092,20229,5705,5705,44121
06/03/2021-13:10:10,114,114,6153,7095,7095,20332,5706,5706,44399
06/03/2021-13:11:10,114,114,6156,7099,7099,20380,5708,5708,44504
06/03/2021-13:12:10,114,114,6198,7099,7099,20450,5708,5708,44683
06/03/2021-13:13:10,114,114,6243,7099,7099,20538,5708,5708,44910
06/03/2021-13:14:11,114,114,6249,7099,7099,20605,5708,5708,45074
06/03/2021-13:15:11,114,114,6289,7099,7099,20605,5708,5708,45114
06/03/2021-13:16:11,114,114,6317,7107,7107,20944,5711,5711,45730
06/03/2021-13:17:11,114,114,6339,7111,7111,21036,5714,5714,45934
06/03/2021-13:18:11,114,114,6362,7118,7118,21121,5719,5719,46153
06/03/2021-13:19:11,114,114,6407,7126,7126,21233,5725,5725,46425
06/03/2021-13:20:11,115,115,6429,7126,7126,21287,5726,5726,46572
06/03/2021-13:21:11,115,115,6450,7126,7126,21305,5726,5726,46654
06/03/2021-13:22:11,115,115,6496,7127,7127,21684,5726,5726,47170
06/03/2021-13:23:11,115,115,6522,7127,7127,21712,5726,5726,47409
06/03/2021-13:24:11,115,115,6538,7128,7128,21804,5727,5727,47629
06/03/2021-13:25:11,115,115,6586,7138,7138,21929,5734,5734,47916
06/03/2021-13:26:11,115,115,6615,7142,7142,21990,5736,5736,48098
06/03/2021-13:27:11,115,115,6628,7146,7146,22079,5737,5737,48360
06/03/2021-13:28:11,115,115,6661,7155,7155,22169,5745,5745,48616
06/03/2021-13:29:11,115,115,6704,7155,7155,22178,5745,5745,48694
06/03/2021-13:30:11,115,115,6704,7157,7157,22509,5746,5746,49236
06/03/2021-13:31:11,115,115,6750,7157,7157,22559,5746,5746,49380
06/03/2021-13:32:12,117,117,6797,7159,7159,22661,5746,5746,49641
06/03/2021-13:33:12,117,117,6797,7160,7160,22727,5747,5747,49780
06/03/2021-13:34:12,117,117,6839,7160,7160,23034,5747,5747,50258
06/03/2021-13:35:12,118,118,6883,7160,7160,23117,5748,5748,50500
06/03/2021-13:36:12,119,119,6888,7169,7169,23197,5757,5757,50670
06/03/2021-13:37:12,119,119,6928,7169,7169,23249,5757,5757,50822
06/03/2021-13:38:12,119,119,6975,7172,7172,23390,5760,5760,51139
06/03/2021-13:39:12,119,119,6983,7186,7186,23427,5773,5773,51250
06/03/2021-13:40:12,119,119,7020,7187,7187,23498,5773,5773,51428
06/03/2021-13:41:12,119,119,7065,7196,7196,23627,5778,5778,51725
06/03/2021-13:42:12,120,120,7072,7196,7196,23646,5778,5778,51908
06/03/2021-13:43:12,120,120,7108,7196,7196,23817,5778,5778,52158
06/03/2021-13:44:12,120,120,7153,7196,7196,24045,5778,5778,52521
06/03/2021-13:45:12,121,121,7167,7196,7196,24329,5779,5779,52969
06/03/2021-13:46:12,121,121,7199,7214,7214,24433,5792,5792,53204
06/03/2021-13:47:12,121,121,7245,7216,7216,24468,5792,5792,53330
06/03/2021-13:48:13,121,121,7263,7227,7227,24782,5798,5798,53836
06/03/2021-13:49:13,121,121,7293,7234,7234,24893,5803,5803,54074
06/03/2021-13:50:13,121,121,7342,7234,7234,24942,5803,5803,54354
06/03/2021-13:51:13,122,122,7357,7234,7234,25033,5804,5804,54553
06/03/2021-13:52:13,122,122,7384,7243,7243,25107,5810,5810,54723
06/03/2021-13:53:13,122,122,7432,7244,7244,25194,5810,5810,54952
06/03/2021-13:54:13,122,122,7450,7245,7245,25289,5810,5810,55178
06/03/2021-13:55:13,122,122,7475,7256,7256,25367,5814,5814,55395
06/03/2021-13:56:13,122,122,7522,7261,7261,25415,5818,5818,55550
06/03/2021-13:57:13,122,122,7542,7261,7261,25464,5818,5818,55687
06/03/2021-13:58:13,122,122,7563,7261,7261,25766,5818,5818,56141
06/03/2021-13:59:13,122,122,7609,7262,7262,25849,5818,5818,56372
06/03/2021-14:00:13,122,122,7637,7264,7264,25929,5820,5820,56568
06/03/2021-14:01:13,122,122,7653,7268,7268,26007,5822,5822,56725
06/03/2021-14:02:13,122,122,7699,7271,7271,26064,5825,5825,56965
06/03/2021-14:03:13,122,122,7729,7275,7275,26145,5827,5827,57162
06/03/2021-14:04:13,122,122,7743,7276,7276,26232,5828,5828,57369
06/03/2021-14:05:14,122,122,7790,7276,7276,26232,5828,5828,57420
06/03/2021-14:06:14,122,122,7822,7276,7276,26555,5828,5828,57985
06/03/2021-14:07:14,122,122,7833,7280,7280,26678,5829,5829,58224
06/03/2021-14:08:14,122,122,7879,7285,7285,26739,5831,5831,58420
06/03/2021-14:09:14,122,122,7913,7285,7285,26852,5831,5831,58599
06/03/2021-14:10:14,122,122,7922,7285,7285,27069,5831,5831,59000
06/03/2021-14:11:14,122,122,7968,7285,7285,27158,5831,5831,59223
06/03/2021-14:12:14,122,122,8006,7317,7317,27249,5853,5853,59462
06/03/2021-14:13:14,122,122,8013,7320,7320,27334,5853,5853,59685
06/03/2021-14:14:14,122,122,8061,7322,7322,27415,5854,5854,59916
06/03/2021-14:15:14,124,124,8101,7325,7325,27463,5857,5857,60062
06/03/2021-14:16:14,124,124,8106,7325,7325,27553,5857,5857,60256
06/03/2021-14:17:14,124,124,8156,7325,7325,27645,5857,5857,60523
06/03/2021-14:18:14,124,124,8190,7334,7334,27703,5864,5864,60732
06/03/2021-14:19:15,125,125,8196,7334,7334,27703,5865,5865,60740
06/03/2021-14:20:15,125,125,8233,7344,7344,28065,5871,5871,61316
06/03/2021-14:21:15,125,125,8281,7347,7347,28173,5873,5873,61586
06/03/2021-14:22:15,127,127,8290,7348,7348,28254,5874,5874,61754
06/03/2021-14:23:15,127,127,8320,7354,7354,28326,5879,5879,61919
06/03/2021-14:24:15,127,127,8361,7361,7361,28428,5885,5885,62192
06/03/2021-14:25:15,127,127,8377,7361,7361,28544,5885,5885,62370
06/03/2021-14:26:15,127,127,8405,7364,7364,28802,5888,5888,62845
06/03/2021-14:27:15,127,127,8449,7369,7369,28874,5890,5890,63076
06/03/2021-14:28:15,127,127,8467,7369,7369,28900,5890,5890,63137
06/03/2021-14:29:15,127,127,8494,7370,7370,29303,5890,5890,63679
06/03/2021-14:30:15,127,127,8542,7401,7401,29394,5908,5908,63892
06/03/2021-14:31:15,127,127,8562,7402,7402,29474,5909,5909,64078
06/03/2021-14:32:15,127,127,8585,7405,7405,29566,5911,5911,64310
06/03/2021-14:33:16,128,128,8632,7417,7417,29599,5921,5921,64561
06/03/2021-14:34:16,128,128,8652,7418,7418,29678,5922,5922,64785
06/03/2021-14:35:16,128,128,8673,7418,7418,29747,5922,5922,64974
06/03/2021-14:36:16,128,128,8716,7422,7422,29828,5924,5924,65250
06/03/2021-14:37:16,128,128,8744,7424,7424,29872,5925,5925,65383
06/03/2021-14:38:16,128,128,8762,7424,7424,29962,5925,5925,65619
06/03/2021-14:39:16,128,128,8810,7424,7424,30061,5925,5925,65885
06/03/2021-14:40:16,128,128,8840,7474,7474,30122,5962,5962,66078
06/03/2021-14:41:16,128,128,8854,7492,7492,30244,5978,5978,66279
06/03/2021-14:42:16,128,128,8901,7508,7508,30304,5990,5990,66462
06/03/2021-14:43:16,128,128,8935,7508,7508,30434,5990,5990,66703
06/03/2021-14:44:16,128,128,8935,7517,7517,30622,5995,5995,67020
06/03/2021-14:45:22,128,128,8936,7517,7517,30622,5995,5995,67021
06/03/2021-14:46:27,128,128,8942,7517,7517,30622,5995,5995,67028
06/03/2021-14:47:29,128,128,8949,7517,7517,30622,5995,5995,67034
06/03/2021-14:48:36,128,128,8995,7524,7524,30674,6000,6000,67178
06/03/2021-14:49:36,129,129,9029,7524,7524,30918,6001,6001,67582
06/03/2021-14:50:36,129,129,9036,7524,7524,30995,6001,6001,67854
06/03/2021-14:51:37,129,129,9081,7534,7534,31056,6005,6005,68034
06/03/2021-14:52:37,129,129,9112,7535,7535,31150,6006,6006,68256
06/03/2021-14:53:37,129,129,9126,7540,7540,31239,6010,6010,68420
06/03/2021-14:54:37,129,129,9153,7544,7544,31292,6014,6014,68577
06/03/2021-14:55:37,129,129,9196,7563,7563,31378,6031,6031,68799
06/03/2021-14:56:38,129,129,9220,7564,7564,31411,6031,6031,68932
06/03/2021-14:57:38,129,129,9220,7567,7567,31423,6034,6034,68949
06/03/2021-14:58:39,129,129,9248,7567,7567,31469,6034,6034,69073
06/03/2021-14:59:39,129,129,9284,7567,7567,31496,6034,6034,69157
06/03/2021-15:00:40,129,129,9309,7567,7567,31496,6034,6034,69185
06/03/2021-15:01:41,129,129,9312,7567,7567,31496,6034,6034,69189
06/03/2021-15:02:42,129,129,9321,7567,7567,31496,6034,6034,69198
06/03/2021-15:03:44,129,129,9337,7567,7567,31496,6034,6034,69213
06/03/2021-15:04:44,129,129,9351,7574,7574,31775,6038,6038,69667
06/03/2021-15:05:45,129,129,9357,7574,7574,31775,6038,6038,69673
06/03/2021-15:06:46,129,129,9362,7574,7574,31775,6038,6038,69679
06/03/2021-15:07:47,129,129,9369,7574,7574,31775,6038,6038,69687
06/03/2021-15:08:48,129,129,9372,7574,7574,31775,6038,6038,69690
06/03/2021-15:09:52,129,129,9373,7574,7574,31775,6038,6038,69691
06/03/2021-15:11:13,129,129,9374,7574,7574,31775,6038,6038,69692
06/03/2021-15:12:21,129,129,9374,7574,7574,31775,6038,6038,69692
06/03/2021-15:15:04,129,129,9374,7574,7574,31775,6038,6038,69692
06/03/2021-15:28:24,0,0,0,0,0,0,0,0,0
06/03/2021-15:29:25,0,0,0,0,0,0,0,0,0
06/03/2021-15:30:25,0,0,0,0,0,0,0,0,0
06/03/2021-15:31:25,0,0,0,0,0,0,0,0,0
06/03/2021-15:32:25,0,0,0,0,0,0,0,0,0
06/03/2021-15:33:25,0,0,0,0,0,0,0,0,0
06/03/2021-15:34:25,0,0,0,0,0,0,0,0,0