13/03/2021-15:07:28,0,0,0,0,0,0,0,0,0
13/03/2021-15:08:03,0,0,0,0,0,0,0,0,0
13/03/2021-15:09:03,50,50,0,0,0,0,47,47,2
13/03/2021-15:10:03,75,75,0,405,405,0,421,421,57
13/03/2021-15:11:03,75,75,23,740,740,0,739,739,95
13/03/2021-15:12:03,75,75,70,1188,1188,0,1159,1159,167
13/03/2021-15:13:03,75,75,70,1494,1494,0,1448,1448,180
13/03/2021-15:14:03,75,75,120,1785,1785,0,1705,1705,257
13/03/2021-15:15:03,76,76,144,2064,2064,31,1957,1957,346
13/03/2021-15:16:04,76,76,168,2212,2212,66,2086,2086,432
13/03/2021-15:17:04,76,76,216,2524,2524,66,2336,2336,527
13/03/2021-15:18:04,76,76,216,2906,2906,66,2645,2645,589
13/03/2021-15:19:04,76,76,265,2907,2907,82,2646,2646,672
13/03/2021-15:20:04,76,76,289,3432,3432,91,3068,3068,815
13/03/2021-15:21:04,76,76,312,3432,3432,91,3068,3068,838
13/03/2021-15:22:04,76,76,361,3536,3536,484,3146,3146,1341
13/03/2021-15:23:04,76,76,361,3835,3835,484,3392,3392,1381
13/03/2021-15:24:04,76,76,407,4016,4016,541,3528,3528,1570
13/03/2021-15:25:04,77,77,430,4021,4021,614,3534,3534,1720
13/03/2021-15:26:04,77,77,451,4061,4061,665,3558,3558,1835
13/03/2021-15:27:04,77,77,497,4187,4187,689,3663,3663,1952
13/03/2021-15:28:04,77,77,499,4212,4212,726,3678,3678,2017
13/03/2021-15:29:04,77,77,545,4490,4490,770,3887,3887,2182
13/03/2021-15:30:04,77,77,570,4556,4556,834,3931,3931,2362
13/03/2021-15:31:04,77,77,591,4561,4561,946,3935,3935,2533
13/03/2021-15:32:04,77,77,640,4721,4721,998,4051,4051,2709
13/03/2021-15:33:04,79,79,641,4722,4722,1096,4054,4054,2879
13/03/2021-15:34:04,79,79,686,4723,4723,1165,4055,4055,3019
13/03/2021-15:35:05,81,81,707,4888,4888,1235,4182,4182,3183
13/03/2021-15:36:05,81,81,727,4888,4888,1333,4182,4182,3353
13/03/2021-15:37:05,81,81,772,4892,4892,1388,4185,4185,3490
13/03/2021-15:38:05,82,82,774,4906,4906,1673,4196,4196,3844
13/03/2021-15:39:05,82,82,819,4909,4909,1701,4199,4199,3935
13/03/2021-15:40:05,82,82,844,5209,5209,1752,4432,4432,4120
13/03/2021-15:41:05,82,82,863,5209,5209,1769,4432,4432,4181
13/03/2021-15:42:05,83,83,911,5210,5210,2179,4434,4434,4746
13/03/2021-15:43:05,83,83,914,5372,5372,2206,4538,4538,4859
13/03/2021-15:44:05,83,83,959,5428,5428,2238,4581,4581,4987
13/03/2021-15:45:05,83,83,985,5432,5432,2519,4584,4584,5421
13/03/2021-15:46:05,83,83,1003,5432,5432,2612,4584,4584,5597
13/03/2021-15:47:05,83,83,1052,5432,5432,2612,4584,4584,5649
13/03/2021-15:48:05,83,83,1056,5436,5436,2925,4587,4587,6158
13/03/2021-15:49:05,83,83,1100,5437,5437,2991,4587,4587,6315
13/03/2021-15:50:05,84,84,1127,5516,5516,3082,4638,4638,6500
13/03/2021-15:51:05,84,84,1144,5538,5538,3127,4654,4654,6606
13/03/2021-15:52:05,84,84,1190,5551,5551,3166,4664,4664,6746
13/03/2021-15:53:05,84,84,1196,5552,5552,3421,4665,4665,7168
13/03/2021-15:54:06,84,84,1237,5561,5561,3577,4671,4671,7443
13/03/2021-15:55:06,84,84,1267,5582,5582,3637,4688,4688,7613
13/03/2021-15:56:06,84,84,1284,5764,5764,3684,4825,4825,7734
13/03/2021-15:57:06,84,84,1330,6039,6039,3696,5028,5028,7870
13/03/2021-15:58:06,85,85,1335,6039,6039,3949,5029,5029,8273
13/03/2021-15:59:06,85,85,1376,6044,6044,4036,5030,5030,8472
13/03/2021-16:00:06,85,85,1407,6110,6110,4115,5075,5075,8648
13/03/2021-16:01:06,85,85,1423,6118,6118,4208,5081,5081,8857
13/03/2021-16:02:06,85,85,1473,6121,6121,4290,5083,5083,9067
13/03/2021-16:03:06,87,87,1478,6121,6121,4324,5085,5085,9127
13/03/2021-16:04:06,87,87,1516,6123,6123,4750,5087,5087,9683
13/03/2021-16:05:06,88,88,1545,6126,6126,4834,5091,5091,9861
13/03/2021-16:06:06,88,88,1545,6126,6126,4881,5091,5091,9952
13/03/2021-16:07:06,88,88,1592,6134,6134,4976,5097,5097,10199
13/03/2021-16:08:06,89,89,1611,6136,6136,5089,5099,5099,10414
