13/03/2021-13:24:42,0,0,0,0,0,0,0,0,0
13/03/2021-13:25:42,0,0,0,0,0,0,0,0,0
13/03/2021-13:26:42,0,0,0,0,0,0,0,0,0
13/03/2021-13:27:02,0,0,0,0,0,0,0,0,0
13/03/2021-13:28:02,50,50,0,0,0,0,48,48,2
13/03/2021-13:29:02,50,50,0,408,408,0,405,405,51
13/03/2021-13:30:02,50,50,47,819,819,0,790,790,123
13/03/2021-13:31:02,50,50,48,1119,1119,0,1081,1081,130
13/03/2021-13:32:02,50,50,95,1612,1612,0,1534,1534,213
13/03/2021-13:33:02,50,50,96,1914,1914,0,1800,1800,246
13/03/2021-13:34:02,50,50,143,2056,2056,62,1915,1915,382
13/03/2021-13:35:02,50,50,144,2114,2114,320,1964,1964,680
13/03/2021-13:36:02,51,51,191,2386,2386,320,2197,2197,762
13/03/2021-13:37:02,51,51,192,2485,2485,408,2281,2281,875
13/03/2021-13:38:03,51,51,239,2830,2830,408,2553,2553,979
13/03/2021-13:39:03,51,51,240,2945,2945,671,2638,2638,1357
13/03/2021-13:40:03,51,51,287,2945,2945,690,2638,2638,1444
13/03/2021-13:41:03,52,52,288,2945,2945,732,2639,2639,1514
13/03/2021-13:42:03,52,52,331,3409,3409,732,3016,3016,1649
13/03/2021-13:43:03,52,52,333,3468,3468,997,3061,3061,2040
13/03/2021-13:44:03,52,52,377,3795,3795,997,3319,3319,2144
13/03/2021-13:45:03,52,52,379,3887,3887,1035,3390,3390,2246
13/03/2021-13:46:03,52,52,422,4041,4041,1071,3515,3515,2378
13/03/2021-13:47:03,53,53,425,4222,4222,1120,3653,3653,2529
13/03/2021-13:48:03,53,53,466,4313,4313,1122,3720,3720,2597
13/03/2021-13:49:03,53,53,471,4471,4471,1151,3844,3844,2685
13/03/2021-13:50:03,53,53,513,4474,4474,1421,3846,3846,3134
13/03/2021-13:51:03,53,53,517,4475,4475,1430,3847,3847,3159
13/03/2021-13:52:03,53,53,560,4475,4475,1748,3847,3847,3698
13/03/2021-13:53:03,53,53,566,4486,4486,1829,3856,3856,3831
13/03/2021-13:54:03,53,53,606,4521,4521,1941,3886,3886,4035
13/03/2021-13:55:03,53,53,610,4726,4726,1992,4035,4035,4171
13/03/2021-13:56:04,53,53,652,4729,4729,2062,4038,4038,4354
13/03/2021-13:57:04,53,53,659,4729,4729,2106,4038,4038,4461
13/03/2021-13:58:04,53,53,700,4729,4729,2106,4038,4038,4504
13/03/2021-13:59:04,53,53,707,4846,4846,2519,4123,4123,5005
13/03/2021-14:00:04,53,53,748,4847,4847,2557,4124,4124,5113
13/03/2021-14:01:04,53,53,755,4856,4856,2859,4129,4129,5566
13/03/2021-14:02:04,53,53,793,4976,4976,2922,4215,4215,5724
13/03/2021-14:03:04,53,53,801,4977,4977,2992,4215,4215,5881
13/03/2021-14:04:04,53,53,838,4977,4977,3058,4215,4215,6008
13/03/2021-14:05:04,54,54,848,4977,4977,3111,4216,4216,6140
13/03/2021-14:06:04,54,54,884,5156,5156,3124,4348,4348,6240
13/03/2021-14:07:04,55,55,896,5156,5156,3256,4349,4349,6481
13/03/2021-14:08:04,55,55,931,5158,5158,3342,4351,4351,6643
13/03/2021-14:09:04,55,55,945,5158,5158,3720,4351,4351,7104
13/03/2021-14:10:04,55,55,978,5164,5164,3824,4354,4354,7332
13/03/2021-14:11:04,55,55,993,5164,5164,3872,4354,4354,7440
13/03/2021-14:12:04,55,55,1027,5164,5164,3964,4354,4354,7667
13/03/2021-14:13:04,55,55,1042,5285,5285,4043,4441,4441,7816
13/03/2021-14:14:05,55,55,1060,5285,5285,4091,4441,4441,7956
13/03/2021-14:15:05,55,55,1090,5285,5285,4200,4441,4441,8165
13/03/2021-14:16:05,55,55,1107,5285,5285,4263,4441,4441,8251
13/03/2021-14:17:05,55,55,1135,5292,5292,4597,4447,4447,8700
13/03/2021-14:18:05,55,55,1151,5294,5294,4691,4448,4448,8930
13/03/2021-14:19:05,55,55,1183,5300,5300,4754,4453,4453,9110
13/03/2021-14:20:05,55,55,1183,5300,5300,4811,4453,4453,9240
13/03/2021-14:21:05,55,55,1233,5300,5300,4918,4453,4453,9460
13/03/2021-14:22:05,55,55,1233,5300,5300,4950,4453,4453,9523
13/03/2021-14:23:05,55,55,1280,5302,5302,5212,4454,4454,9996
13/03/2021-14:24:05,55,55,1280,5304,5304,5291,4455,4455,10133
13/03/2021-14:25:05,56,56,1328,5313,5313,5371,4464,4464,10341
13/03/2021-14:26:05,56,56,1328,5320,5320,5418,4471,4471,10439
13/03/2021-14:27:05,56,56,1377,5320,5320,5548,4471,4471,10708
