13/03/2021-09:48:51,0,0,0,0,0,0,0,0,0
13/03/2021-09:49:52,0,0,0,0,0,0,0,0,0
13/03/2021-09:50:52,0,0,0,0,0,0,0,0,0
13/03/2021-09:51:52,0,0,0,0,0,0,0,0,0
13/03/2021-09:52:52,0,0,0,0,0,0,0,0,0
13/03/2021-09:53:52,0,0,0,0,0,0,0,0,0
13/03/2021-09:54:52,0,0,0,0,0,0,0,0,0
13/03/2021-09:55:52,0,0,0,0,0,0,0,0,0
13/03/2021-09:56:52,0,0,0,0,0,0,0,0,0
13/03/2021-09:57:52,0,0,0,0,0,0,0,0,0
13/03/2021-09:58:52,0,0,0,0,0,0,0,0,0
13/03/2021-09:59:52,0,0,0,0,0,0,0,0,0
13/03/2021-10:00:52,0,0,0,0,0,0,0,0,0
13/03/2021-10:01:52,0,0,0,0,0,0,0,0,0
13/03/2021-10:02:52,0,0,0,0,0,0,0,0,0
13/03/2021-10:03:52,0,0,0,0,0,0,0,0,0
13/03/2021-10:04:52,0,0,0,0,0,0,0,0,0
13/03/2021-10:05:52,0,0,0,0,0,0,0,0,0
13/03/2021-10:06:52,0,0,0,0,0,0,0,0,0
13/03/2021-10:07:52,0,0,0,0,0,0,0,0,0
13/03/2021-10:08:53,0,0,0,0,0,0,0,0,0
13/03/2021-10:09:53,0,0,0,0,0,0,0,0,0
13/03/2021-10:10:53,0,0,0,0,0,0,0,0,0
13/03/2021-10:11:53,0,0,0,0,0,0,0,0,0
13/03/2021-10:12:53,0,0,0,0,0,0,0,0,0
13/03/2021-10:13:53,0,0,0,0,0,0,0,0,0
13/03/2021-10:14:53,0,0,0,0,0,0,0,0,0
13/03/2021-10:15:53,0,0,0,0,0,0,0,0,0
13/03/2021-10:16:53,0,0,0,0,0,0,0,0,0
13/03/2021-10:17:53,0,0,0,0,0,0,0,0,0
13/03/2021-10:18:53,0,0,0,0,0,0,0,0,0
13/03/2021-10:19:53,0,0,0,0,0,0,0,0,0
13/03/2021-10:20:53,0,0,0,0,0,0,0,0,0
13/03/2021-10:21:41,0,0,0,0,0,0,0,0,0
13/03/2021-10:22:41,25,25,0,0,0,0,24,24,1
13/03/2021-10:23:41,25,25,23,406,406,0,379,379,73
13/03/2021-10:24:41,25,25,24,833,833,0,793,793,86
13/03/2021-10:25:41,25,25,49,1074,1074,89,1025,1025,208
13/03/2021-10:26:41,25,25,68,1354,1354,89,1281,1281,253
13/03/2021-10:27:41,25,25,71,1526,1526,93,1435,1435,277
13/03/2021-10:28:41,25,25,95,1889,1889,160,1756,1756,417
13/03/2021-10:29:41,25,25,115,1988,1988,184,1836,1836,493
13/03/2021-10:30:41,25,25,119,2199,2199,277,2011,2011,645
13/03/2021-10:31:41,25,25,142,2351,2351,277,2129,2129,693
13/03/2021-10:32:41,25,25,162,2352,2352,512,2130,2130,974
13/03/2021-10:33:41,25,25,166,2548,2548,557,2298,2298,1060
13/03/2021-10:34:41,25,25,189,2548,2548,627,2298,2298,1180
13/03/2021-10:35:41,25,25,207,2548,2548,783,2298,2298,1417
13/03/2021-10:36:41,25,25,214,2548,2548,837,2298,2298,1514
13/03/2021-10:37:42,25,25,237,2676,2676,899,2394,2394,1636
13/03/2021-10:38:42,25,25,254,2678,2678,1048,2396,2396,1859
13/03/2021-10:39:42,25,25,262,2756,2756,1070,2457,2457,1934
13/03/2021-10:40:42,25,25,284,2943,2943,1115,2618,2618,2064
13/03/2021-10:41:42,25,25,298,2943,2943,1155,2618,2618,2150
13/03/2021-10:42:42,25,25,307,2944,2944,1179,2619,2619,2204
13/03/2021-10:43:42,25,25,331,2944,2944,1262,2619,2619,2365
13/03/2021-10:44:42,25,25,343,2944,2944,1355,2619,2619,2528
13/03/2021-10:45:42,25,25,351,2944,2944,1425,2619,2619,2662
13/03/2021-10:46:42,25,25,376,2944,2944,1519,2619,2619,2816
13/03/2021-10:47:42,25,25,387,2945,2945,1789,2620,2620,3188
13/03/2021-10:48:42,25,25,400,2945,2945,1921,2620,2620,3403
13/03/2021-10:49:42,25,25,425,2946,2946,1972,2621,2621,3524
13/03/2021-10:50:42,25,25,434,3038,3038,2019,2698,2698,3636
13/03/2021-10:51:42,25,25,448,3117,3117,2054,2751,2751,3741
13/03/2021-10:52:42,25,25,472,3118,3118,2130,2752,2752,3903
13/03/2021-10:53:42,25,25,480,3118,3118,2150,2752,2752,3942
13/03/2021-10:54:42,25,25,496,3118,3118,2415,2752,2752,4344
13/03/2021-10:55:42,25,25,520,3118,3118,2516,2752,2752,4530
13/03/2021-10:56:43,25,25,527,3125,3125,2677,2756,2756,4765
13/03/2021-10:57:43,25,25,545,3126,3126,2737,2757,2757,4893
13/03/2021-10:58:43,25,25,569,3128,3128,2806,2757,2757,5010
13/03/2021-10:59:43,25,25,574,3131,3131,2922,2760,2760,5230
13/03/2021-11:00:43,25,25,592,3134,3134,2989,2763,2763,5371
13/03/2021-11:01:43,25,25,617,3135,3135,3038,2764,2764,5491
13/03/2021-11:02:43,25,25,621,3139,3139,3116,2768,2768,5637
13/03/2021-11:03:43,25,25,642,3139,3139,3116,2768,2768,5658
13/03/2021-11:04:43,25,25,660,3139,3139,3420,2768,2768,6138
13/03/2021-11:05:43,25,25,666,3139,3139,3436,2768,2768,6180
13/03/2021-11:06:43,25,25,691,3158,3158,3645,2781,2781,6503
13/03/2021-11:07:43,25,25,702,3159,3159,3744,2782,2782,6674
13/03/2021-11:08:43,25,25,716,3161,3161,3824,2783,2783,6811
13/03/2021-11:09:43,25,25,740,3161,3161,3876,2783,2783,6968
13/03/2021-11:10:43,25,25,749,3161,3161,3915,2783,2783,7071
13/03/2021-11:11:43,25,25,764,3161,3161,3992,2783,2783,7230
13/03/2021-11:12:43,25,25,788,3161,3161,4040,2783,2783,7348
13/03/2021-11:13:43,25,25,796,3161,3161,4095,2783,2783,7434
13/03/2021-11:14:43,25,25,812,3163,3163,4346,2785,2785,7846
13/03/2021-11:15:44,25,25,836,3166,3166,4454,2788,2788,8052
13/03/2021-11:16:44,25,25,843,3167,3167,4601,2789,2789,8271
13/03/2021-11:17:44,25,25,861,3167,3167,4657,2789,2789,8410
13/03/2021-11:18:44,25,25,886,3167,3167,4689,2789,2789,8503
13/03/2021-11:19:44,25,25,892,3168,3168,4793,2790,2790,8716
13/03/2021-11:20:44,25,25,911,3170,3170,4896,2791,2791,8893
13/03/2021-11:21:44,25,25,936,3172,3172,4952,2793,2793,9028
